,F,T
0,6,6
1,1,1
2,2,1
3,2,1
4,1,1
5,1,1
6,3,2
7,1,1
8,1,1
9,1,1
10,2,2
11,1,1
12,1,1
13,2,1
14,1,1
15,2,2
16,6,3
17,1,1
18,2,2
19,2,2
20,1,1
21,1,1
22,2,2
23,1,1
24,1,1
25,3,3
26,2,1
27,1,1
28,2,2
29,1,1
30,1,1
31,2,1
32,2,1
33,1,1
34,1,1
35,1,1
36,7,3
37,2,2
38,1,1
39,1,1
40,1,1
41,1,1
42,8,3
43,1,1
44,1,1
45,3,3
46,12,8
47,3,2
48,4,4
49,1,1
50,4,4
51,1,1
52,1,1
53,1,1
54,1,1
55,1,1
56,1,1
57,1,1
58,1,1
59,1,1
60,1,1
61,1,1
62,1,1
63,8,4
64,1,1
65,2,2
66,3,2
67,1,1
68,1,1
69,3,3
70,1,1
71,1,1
72,1,1
73,2,2
74,4,3
75,1,1
76,1,1
77,1,1
78,1,1
79,4,2
80,1,1
81,1,1
82,1,1
83,3,2
84,1,1
85,2,2
86,1,1
87,1,1
88,1,1
89,1,1
90,1,1
91,1,1
92,1,1
93,6,3
94,1,1
95,1,1
96,1,1
97,1,1
98,1,1
99,3,2
100,1,1
101,1,1
102,1,1
103,1,1
104,6,4
105,2,2
106,5,2
107,1,1
108,2,2
109,2,2
110,3,3
111,1,1
112,2,2
113,1,1
114,1,1
115,1,1
116,3,2
117,1,1
118,1,1
119,1,1
120,2,2
121,1,1
122,1,1
123,1,1
124,1,1
125,1,1
126,1,1
127,1,1
128,1,1
129,1,1
130,1,1
131,1,1
132,4,3
133,1,1
134,1,1
135,2,2
136,1,1
137,1,1
138,1,1
139,1,1
140,1,1
141,3,3
142,2,2
143,1,1
144,1,1
145,1,1
146,1,1
147,2,2
148,1,1
149,1,1
150,1,1
151,1,1
152,2,2
153,1,1
154,1,1
155,1,1
156,1,1
157,1,1
158,2,2
159,2,2
160,1,1
161,2,1
162,2,1
163,1,1
164,1,1
165,31,17
166,1,1
167,1,1
168,2,2
169,1,1
170,1,1
171,1,1
172,1,1
173,3,3
174,2,2
175,1,1
176,1,1
177,1,1
178,1,1
179,1,1
180,1,1
181,1,1
182,1,1
183,1,1
184,2,2
185,1,1
186,1,1
187,1,1
188,1,1
189,1,1
190,1,1
191,1,1
192,1,1
193,1,1
194,5,2
195,1,1
196,1,1
197,1,1
198,1,1
199,1,1
200,1,1
201,3,2
202,1,1
203,2,2
204,1,1
205,1,1
206,1,1
207,1,1
208,3,2
209,4,3
210,1,1
211,1,1
212,1,1
213,6,3
214,1,1
215,1,1
216,1,1
217,1,1
218,1,1
219,1,1
220,2,2
221,4,4
222,2,2
223,1,1
224,1,1
225,1,1
226,1,1
227,1,1
228,1,1
229,5,3
230,2,2
231,3,2
232,1,1
233,1,1
234,1,1
235,10,6
236,3,2
237,3,2
238,1,1
239,5,3
240,3,2
241,1,1
242,1,1
243,4,2
244,1,1
245,1,1
246,1,1
247,1,1
248,1,1
249,6,2
250,3,2
251,1,1
252,1,1
253,1,1
254,1,1
255,1,1
256,1,1
257,1,1
258,3,3
259,2,2
260,1,1
261,1,1
262,1,1
263,1,1
264,1,1
265,1,1
266,1,1
267,1,1
268,1,1
269,1,1
270,1,1
271,1,1
272,1,1
273,1,1
274,1,1
275,2,2
276,1,1
277,3,2
278,1,1
279,1,1
280,2,2
281,6,5
282,1,1
283,1,1
284,1,1
285,4,1
286,2,2
287,3,2
288,3,2
289,1,1
290,3,2
291,1,1
292,1,1
293,2,2
294,1,1
295,1,1
296,1,1
297,1,1
298,1,1
299,1,1
300,1,1
301,1,1
302,1,1
303,2,2
304,1,1
305,1,1
306,1,1
307,2,2
308,1,1
309,2,2
310,1,1
311,1,1
312,1,1
313,1,1
314,1,1
315,1,1
316,1,1
317,9,4
318,1,1
319,1,1
320,1,1
321,1,1
322,1,1
323,1,1
324,1,1
325,2,2
326,1,1
327,1,1
328,1,1
329,2,1
330,1,1
331,6,4
332,1,1
333,13,7
334,3,3
335,2,2
336,4,4
337,1,1
338,2,1
339,1,1
340,1,1
341,2,1
342,2,1
343,1,1
344,1,1
345,1,1
346,1,1
347,1,1
348,1,1
349,1,1
350,1,1
351,1,1
352,3,1
353,1,1
354,1,1
355,2,2
356,1,1
357,3,2
358,2,1
359,1,1
360,1,1
361,2,2
362,1,1
363,1,1
364,2,2
365,1,1
366,2,2
367,3,2
368,1,1
369,2,2
370,8,4
371,1,1
372,1,1
373,1,1
374,4,2
375,1,1
376,1,1
377,1,1
378,17,12
379,1,1
380,1,1
381,2,1
382,1,1
383,1,1
384,8,8
385,1,1
386,1,1
387,1,1
388,1,1
389,1,1
390,2,2
391,1,1
392,1,1
393,1,1
394,3,3
395,6,3
396,2,2
397,2,2
398,1,1
399,1,1
400,4,3
401,1,1
402,4,4
403,2,2
404,1,1
405,2,2
406,1,1
407,1,1
408,1,1
409,1,1
410,1,1
411,1,1
412,1,1
413,1,1
414,1,1
415,4,3
416,1,1
417,1,1
418,1,1
419,1,1
420,1,1
421,1,1
422,1,1
423,2,1
424,1,1
425,12,9
426,1,1
427,1,1
428,1,1
429,1,1
430,1,1
431,1,1
432,1,1
433,1,1
434,2,1
435,1,1
436,4,4
437,1,1
438,1,1
439,1,1
440,1,1
441,1,1
442,4,4
443,1,1
444,1,1
445,1,1
446,2,2
447,1,1
448,1,1
449,6,3
450,1,1
451,1,1
452,2,2
453,3,3
454,2,2
455,1,1
456,2,2
457,2,2
458,1,1
459,3,2
460,1,1
461,2,2
462,1,1
463,2,2
464,1,1
465,1,1
466,1,1
467,1,1
468,1,1
469,2,2
470,1,1
471,1,1
472,1,1
473,1,1
474,3,2
475,2,2
476,1,1
477,1,1
478,1,1
479,1,1
480,5,4
481,3,2
482,2,2
483,1,1
484,1,1
485,1,1
486,1,1
487,1,1
488,2,1
489,1,1
490,1,1
491,1,1
492,1,1
493,1,1
494,1,1
495,1,1
496,1,1
497,2,2
498,1,1
499,1,1
500,1,1
501,4,3
502,1,1
503,1,1
504,4,3
505,7,5
506,1,1
507,1,1
508,2,2
509,1,1
510,1,1
511,1,1
512,3,3
513,1,1
514,2,2
515,2,2
516,1,1
517,1,1
518,1,1
519,1,1
520,2,1
521,1,1
522,1,1
523,1,1
524,1,1
525,1,1
526,1,1
527,1,1
528,2,2
529,1,1
530,1,1
531,1,1
532,1,1
533,1,1
534,1,1
535,1,1
536,1,1
537,1,1
538,1,1
539,1,1
540,2,2
541,1,1
542,3,2
543,1,1
544,1,1
545,1,1
546,1,1
547,3,3
548,2,2
549,1,1
550,2,2
551,1,1
552,2,2
553,1,1
554,1,1
555,1,1
556,1,1
557,2,1
558,1,1
559,1,1
560,1,1
561,1,1
562,1,1
563,1,1
564,1,1
565,1,1
566,1,1
567,1,1
568,2,1
569,1,1
570,1,1
571,1,1
572,1,1
573,2,2
574,1,1
575,1,1
576,1,1
577,1,1
578,1,1
579,1,1
580,1,1
581,1,1
582,5,4
583,1,1
584,1,1
585,1,1
586,2,1
587,2,2
588,1,1
589,1,1
590,1,1
591,1,1
592,1,1
593,1,1
594,1,1
595,1,1
596,1,1
597,1,1
598,3,3
599,1,1
600,3,2
601,4,3
602,2,1
603,1,1
604,1,1
605,1,1
606,1,1
607,1,1
608,1,1
609,1,1
610,2,2
611,2,2
612,6,4
613,1,1
614,2,1
615,1,1
616,1,1
617,3,3
618,6,3
619,1,1
620,1,1
621,1,1
622,1,1
623,1,1
624,1,1
625,1,1
626,1,1
627,1,1
628,2,1
629,1,1
630,4,3
631,1,1
632,1,1
633,4,3
634,4,3
635,1,1
636,1,1
637,1,1
638,2,2
639,1,1
640,2,2
641,1,1
642,1,1
643,1,1
644,1,1
645,1,1
646,1,1
647,1,1
648,1,1
649,1,1
650,1,1
651,1,1
652,1,1
653,2,2
654,5,3
655,1,1
656,1,1
657,1,1
658,1,1
659,1,1
660,2,2
661,2,2
662,1,1
663,1,1
664,1,1
665,1,1
666,1,1
667,1,1
668,1,1
669,5,5
670,2,1
671,1,1
672,1,1
673,1,1
674,1,1
675,1,1
676,1,1
677,3,2
678,1,1
679,1,1
680,1,1
681,1,1
682,2,2
683,1,1
684,2,2
685,1,1
686,1,1
687,1,1
688,1,1
689,2,2
690,1,1
691,1,1
692,1,1
693,1,1
694,1,1
695,1,1
696,1,1
697,1,1
698,1,1
699,1,1
700,1,1
701,6,4
702,2,2
703,1,1
704,1,1
705,2,2
706,1,1
707,1,1
708,1,1
709,1,1
710,1,1
711,1,1
712,1,1
713,1,1
714,1,1
715,2,2
716,1,1
717,7,2
718,3,2
719,2,2
720,2,2
721,1,1
722,2,1
723,2,1
724,1,1
725,4,3
726,1,1
727,1,1
728,1,1
729,2,2
730,1,1
731,1,1
732,1,1
733,1,1
734,2,2
735,1,1
736,1,1
737,1,1
738,1,1
739,1,1
740,1,1
741,3,2
742,1,1
743,1,1
744,1,1
745,1,1
746,1,1
747,2,2
748,1,1
749,1,1
750,1,1
751,1,1
752,1,1
753,1,1
754,4,4
755,1,1
756,4,2
757,1,1
758,1,1
759,2,2
760,1,1
761,1,1
762,1,1
763,2,2
764,2,2
765,1,1
766,1,1
767,1,1
768,2,1
769,2,2
770,2,1
771,1,1
772,1,1
773,1,1
774,1,1
775,1,1
776,2,2
777,2,1
778,1,1
779,1,1
780,1,1
781,1,1
782,1,1
783,1,1
784,1,1
785,1,1
786,1,1
787,1,1
788,1,1
789,1,1
790,1,1
791,1,1
792,1,1
793,3,2
794,1,1
795,1,1
796,2,2
797,3,2
798,1,1
799,1,1
800,1,1
801,1,1
802,1,1
803,1,1
804,1,1
805,2,2
806,2,1
807,1,1
808,1,1
809,1,1
810,1,1
811,1,1
812,1,1
813,1,1
814,1,1
815,1,1
816,2,2
817,1,1
818,1,1
819,3,2
820,2,1
821,2,2
822,1,1
823,1,1
824,1,1
825,1,1
826,6,3
827,1,1
828,1,1
829,1,1
830,1,1
831,3,3
832,1,1
833,1,1
834,1,1
835,1,1
836,1,1
837,1,1
838,4,3
839,1,1
840,2,2
841,1,1
842,1,1
843,1,1
844,1,1
845,1,1
846,1,1
847,1,1
848,1,1
849,1,1
850,4,4
851,2,2
852,1,1
853,1,1
854,1,1
855,1,1
856,1,1
857,1,1
858,1,1
859,1,1
860,1,1
861,2,2
862,3,2
863,1,1
864,1,1
865,1,1
866,1,1
867,1,1
868,1,1
869,2,2
870,2,2
871,1,1
872,1,1
873,1,1
874,1,1
875,1,1
876,1,1
877,2,2
878,1,1
879,4,3
880,2,1
881,1,1
882,3,2
883,1,1
884,1,1
885,2,2
886,1,1
887,2,1
888,1,1
889,1,1
890,1,1
891,1,1
892,1,1
893,1,1
894,2,2
895,1,1
896,2,2
897,1,1
898,1,1
899,1,1
900,1,1
901,1,1
902,1,1
903,1,1
904,1,1
905,2,1
906,1,1
907,2,2
908,1,1
909,1,1
910,1,1
911,4,2
912,1,1
913,1,1
914,1,1
915,1,1
916,1,1
917,2,1
918,2,1
919,1,1
920,1,1
921,2,2
922,1,1
923,1,1
924,1,1
925,2,2
926,1,1
927,1,1
928,5,4
929,4,2
930,1,1
931,1,1
932,1,1
933,1,1
934,1,1
935,1,1
936,1,1
937,1,1
938,1,1
939,1,1
940,1,1
941,2,1
942,1,1
943,7,3
944,1,1
945,1,1
946,1,1
947,1,1
948,1,1
949,1,1
950,1,1
951,1,1
952,1,1
953,3,3
954,1,1
955,1,1
956,1,1
957,1,1
958,1,1
959,1,1
960,1,1
961,1,1
962,2,2
963,2,1
964,8,6
965,1,1
966,3,2
967,1,1
968,1,1
969,2,1
970,1,1
971,1,1
972,1,1
973,2,1
974,4,2
975,1,1
976,1,1
977,1,1
978,1,1
979,1,1
980,1,1
981,1,1
982,1,1
983,2,2
984,1,1
985,1,1
986,1,1
987,1,1
988,1,1
989,1,1
990,1,1
991,4,2
992,2,2
993,1,1
994,1,1
995,1,1
996,6,5
997,1,1
998,1,1
999,1,1
1000,1,1
1001,1,1
1002,2,2
1003,1,1
1004,1,1
1005,1,1
1006,2,1
1007,1,1
1008,2,1
1009,1,1
1010,1,1
1011,1,1
1012,4,2
1013,3,2
1014,1,1
1015,1,1
1016,2,2
1017,1,1
1018,1,1
1019,1,1
1020,1,1
1021,1,1
1022,1,1
1023,1,1
1024,4,4
1025,1,1
1026,4,4
1027,1,1
1028,1,1
1029,1,1
1030,1,1
1031,1,1
1032,1,1
1033,1,1
1034,3,2
1035,1,1
1036,2,2
1037,1,1
1038,2,1
1039,1,1
1040,1,1
1041,1,1
1042,2,2
1043,1,1
1044,1,1
1045,1,1
1046,1,1
1047,1,1
1048,2,2
1049,4,3
1050,2,2
1051,4,4
1052,1,1
1053,1,1
1054,4,3
1055,1,1
1056,1,1
1057,1,1
1058,1,1
1059,2,1
1060,2,1
1061,1,1
1062,5,2
1063,1,1
1064,1,1
1065,1,1
1066,1,1
1067,1,1
1068,1,1
1069,1,1
1070,2,1
1071,2,1
1072,1,1
1073,1,1
1074,1,1
1075,1,1
1076,1,1
1077,1,1
1078,1,1
1079,1,1
1080,2,2
1081,2,2
1082,1,1
1083,1,1
1084,1,1
1085,1,1
1086,1,1
1087,2,2
1088,1,1
1089,2,2
1090,2,2
1091,1,1
1092,2,2
1093,3,2
1094,2,2
1095,3,2
1096,1,1
1097,1,1
1098,3,3
1099,2,2
1100,1,1
1101,1,1
1102,1,1
1103,1,1
1104,1,1
1105,1,1
1106,1,1
1107,1,1
1108,1,1
1109,1,1
1110,1,1
1111,2,1
1112,1,1
1113,1,1
1114,1,1
1115,1,1
1116,1,1
1117,4,3
1118,1,1
1119,1,1
1120,1,1
1121,1,1
1122,1,1
1123,1,1
1124,3,2
1125,1,1
1126,1,1
1127,1,1
1128,2,2
1129,1,1
1130,2,2
1131,4,3
1132,1,1
1133,3,2
1134,1,1
1135,1,1
1136,2,2
1137,1,1
1138,1,1
1139,1,1
1140,1,1
1141,1,1
1142,1,1
1143,1,1
1144,4,3
1145,1,1
1146,3,3
1147,2,2
1148,7,3
1149,1,1
1150,7,4
1151,1,1
1152,1,1
1153,1,1
1154,1,1
1155,4,3
1156,2,2
1157,1,1
1158,2,2
1159,1,1
1160,1,1
1161,1,1
1162,5,3
1163,1,1
1164,1,1
1165,1,1
1166,2,2
1167,1,1
1168,2,2
1169,1,1
1170,1,1
1171,1,1
1172,1,1
1173,1,1
1174,2,2
1175,4,4
1176,1,1
1177,1,1
1178,1,1
1179,1,1
1180,1,1
1181,1,1
1182,2,2
1183,1,1
1184,3,3
1185,3,2
1186,1,1
1187,1,1
1188,1,1
1189,1,1
1190,6,5
1191,1,1
1192,1,1
1193,1,1
1194,1,1
1195,1,1
1196,1,1
1197,1,1
1198,1,1
1199,1,1
1200,1,1
1201,1,1
1202,2,1
1203,1,1
1204,2,2
1205,3,2
1206,1,1
1207,2,2
1208,1,1
1209,2,2
1210,1,1
1211,2,2
1212,1,1
1213,1,1
1214,1,1
1215,1,1
1216,2,2
1217,2,2
1218,1,1
1219,1,1
1220,2,1
1221,4,3
1222,3,2
1223,1,1
1224,1,1
1225,1,1
1226,1,1
1227,1,1
1228,1,1
1229,1,1
1230,2,1
1231,5,4
1232,2,2
1233,1,1
1234,1,1
1235,1,1
1236,2,1
1237,1,1
1238,1,1
1239,4,3
1240,1,1
1241,2,2
1242,1,1
1243,2,2
1244,1,1
1245,1,1
1246,1,1
1247,1,1
1248,1,1
1249,1,1
1250,1,1
1251,1,1
1252,1,1
1253,3,2
1254,1,1
1255,1,1
1256,5,3
1257,2,1
1258,2,1
1259,1,1
1260,1,1
1261,1,1
1262,1,1
1263,1,1
1264,1,1
1265,3,2
1266,2,2
1267,1,1
1268,1,1
1269,1,1
1270,1,1
1271,1,1
1272,2,1
1273,1,1
1274,2,2
1275,1,1
1276,1,1
1277,2,2
1278,3,2
1279,3,2
1280,4,2
1281,2,2
1282,1,1
1283,2,2
1284,1,1
1285,1,1
1286,1,1
1287,3,2
1288,1,1
1289,1,1
1290,6,5
1291,1,1
1292,2,2
1293,1,1
1294,1,1
1295,1,1
1296,1,1
1297,1,1
1298,1,1
1299,2,1
1300,2,2
1301,1,1
1302,1,1
1303,2,2
1304,1,1
1305,1,1
1306,1,1
1307,1,1
1308,1,1
1309,2,2
1310,2,2
1311,3,3
1312,1,1
1313,1,1
1314,1,1
1315,1,1
1316,3,2
1317,7,4
1318,1,1
1319,1,1
1320,1,1
1321,1,1
1322,1,1
1323,5,4
1324,1,1
1325,1,1
1326,1,1
1327,4,3
1328,1,1
1329,1,1
1330,1,1
1331,1,1
1332,1,1
1333,1,1
1334,1,1
1335,1,1
1336,1,1
1337,1,1
1338,1,1
1339,1,1
1340,1,1
1341,1,1
1342,1,1
1343,2,2
1344,1,1
1345,1,1
1346,1,1
1347,1,1
1348,1,1
1349,1,1
1350,1,1
1351,1,1
1352,1,1
1353,1,1
1354,1,1
1355,1,1
1356,1,1
1357,1,1
1358,1,1
1359,2,1
1360,1,1
1361,1,1
1362,1,1
1363,1,1
1364,1,1
1365,1,1
1366,1,1
1367,1,1
1368,1,1
1369,1,1
1370,4,2
1371,1,1
1372,1,1
1373,1,1
1374,1,1
1375,1,1
1376,5,4
1377,1,1
1378,1,1
1379,1,1
1380,1,1
1381,2,2
1382,1,1
1383,1,1
1384,1,1
1385,2,2
1386,1,1
1387,1,1
1388,1,1
1389,1,1
1390,1,1
1391,1,1
1392,1,1
1393,3,2
1394,1,1
1395,3,2
1396,1,1
1397,1,1
1398,1,1
1399,1,1
1400,1,1
1401,6,4
1402,1,1
1403,1,1
1404,3,3
1405,1,1
1406,1,1
1407,1,1
1408,1,1
1409,1,1
1410,1,1
1411,1,1
1412,2,1
1413,1,1
1414,1,1
1415,1,1
1416,2,2
1417,1,1
1418,1,1
1419,1,1
1420,1,1
1421,1,1
1422,1,1
1423,2,2
1424,2,2
1425,1,1
1426,1,1
1427,1,1
1428,1,1
1429,1,1
1430,1,1
1431,1,1
1432,7,4
1433,1,1
1434,1,1
1435,1,1
1436,2,2
1437,2,2
1438,1,1
1439,1,1
1440,1,1
1441,1,1
1442,1,1
1443,1,1
1444,1,1
1445,2,2
1446,1,1
1447,1,1
1448,1,1
1449,1,1
1450,1,1
1451,1,1
1452,1,1
1453,1,1
1454,1,1
1455,1,1
1456,1,1
1457,1,1
1458,1,1
1459,1,1
1460,1,1
1461,1,1
1462,1,1
1463,1,1
1464,2,2
1465,2,2
1466,6,4
1467,1,1
1468,1,1
1469,1,1
1470,1,1
1471,1,1
1472,1,1
1473,1,1
1474,2,2
1475,1,1
1476,1,1
1477,1,1
1478,1,1
1479,1,1
1480,1,1
1481,2,2
1482,1,1
1483,2,1
1484,3,2
1485,1,1
1486,1,1
1487,1,1
1488,1,1
1489,1,1
1490,1,1
1491,1,1
1492,1,1
1493,1,1
1494,1,1
1495,1,1
1496,1,1
1497,2,1
1498,1,1
1499,3,2
1500,1,1
1501,1,1
1502,1,1
1503,1,1
1504,1,1
1505,1,1
1506,1,1
1507,1,1
1508,2,1
1509,2,1
1510,4,2
1511,1,1
1512,1,1
1513,1,1
1514,3,3
1515,1,1
1516,1,1
1517,1,1
1518,1,1
1519,1,1
1520,1,1
1521,2,2
1522,1,1
1523,1,1
1524,1,1
1525,1,1
1526,1,1
1527,2,2
1528,1,1
1529,4,3
1530,2,2
1531,1,1
1532,1,1
1533,1,1
1534,1,1
1535,1,1
1536,1,1
1537,1,1
1538,2,2
1539,1,1
1540,1,1
1541,1,1
1542,4,3
1543,2,2
1544,4,3
1545,3,2
1546,1,1
1547,1,1
1548,6,4
1549,1,1
1550,2,2
1551,1,1
1552,1,1
1553,1,1
1554,3,3
1555,1,1
1556,2,1
1557,1,1
1558,1,1
1559,1,1
1560,17,17
1561,2,2
1562,1,1
1563,7,3
1564,1,1
1565,1,1
1566,1,1
1567,1,1
1568,1,1
1569,1,1
1570,1,1
1571,1,1
1572,1,1
1573,1,1
1574,1,1
1575,2,1
1576,3,3
1577,2,1
1578,1,1
1579,1,1
1580,1,1
1581,3,2
1582,2,2
1583,1,1
1584,1,1
1585,1,1
1586,1,1
1587,1,1
1588,2,2
1589,1,1
1590,3,1
1591,1,1
1592,1,1
1593,1,1
1594,3,3
1595,2,1
1596,1,1
1597,1,1
1598,1,1
1599,1,1
1600,1,1
1601,2,2
1602,1,1
1603,1,1
1604,3,2
1605,1,1
1606,1,1
1607,1,1
1608,1,1
1609,1,1
1610,5,2
1611,4,2
1612,1,1
1613,1,1
1614,1,1
1615,1,1
1616,1,1
1617,1,1
1618,1,1
1619,1,1
1620,1,1
1621,1,1
1622,3,2
1623,1,1
1624,1,1
1625,1,1
1626,1,1
1627,1,1
1628,1,1
1629,1,1
1630,1,1
1631,2,2
1632,1,1
1633,1,1
1634,5,4
1635,2,2
1636,1,1
1637,1,1
1638,3,2
1639,2,2
1640,1,1
1641,1,1
1642,1,1
1643,1,1
1644,1,1
1645,1,1
1646,1,1
1647,2,2
1648,1,1
1649,1,1
1650,1,1
1651,1,1
1652,1,1
1653,1,1
1654,1,1
1655,2,1
1656,2,1
1657,1,1
1658,2,2
1659,2,1
1660,1,1
1661,1,1
1662,2,1
1663,1,1
1664,1,1
1665,9,7
1666,1,1
1667,1,1
1668,2,2
1669,2,2
1670,1,1
1671,1,1
1672,1,1
1673,4,2
1674,1,1
1675,1,1
1676,1,1
1677,1,1
1678,1,1
1679,2,2
1680,1,1
1681,1,1
1682,2,2
1683,1,1
1684,2,2
1685,1,1
1686,1,1
1687,1,1
1688,1,1
1689,1,1
1690,1,1
1691,1,1
1692,1,1
1693,1,1
1694,1,1
1695,2,2
1696,1,1
1697,1,1
1698,1,1
1699,1,1
1700,6,2
1701,1,1
1702,1,1
1703,1,1
1704,1,1
1705,1,1
1706,1,1
1707,1,1
1708,2,1
1709,1,1
1710,1,1
1711,1,1
1712,3,1
1713,1,1
1714,1,1
1715,1,1
1716,1,1
1717,3,2
1718,1,1
1719,1,1
1720,1,1
1721,1,1
1722,2,2
1723,1,1
1724,1,1
1725,1,1
1726,2,2
1727,2,1
1728,1,1
1729,1,1
1730,1,1
1731,1,1
1732,1,1
1733,1,1
1734,1,1
1735,2,2
1736,2,2
1737,1,1
1738,3,3
1739,1,1
1740,1,1
1741,1,1
1742,1,1
1743,1,1
1744,1,1
1745,1,1
1746,1,1
1747,1,1
1748,1,1
1749,2,2
1750,1,1
1751,1,1
1752,1,1
1753,1,1
1754,1,1
1755,1,1
1756,1,1
1757,1,1
1758,2,2
1759,1,1
1760,1,1
1761,1,1
1762,1,1
1763,1,1
1764,1,1
1765,1,1
1766,1,1
1767,1,1
1768,1,1
1769,1,1
1770,1,1
1771,1,1
1772,2,2
1773,1,1
1774,1,1
1775,1,1
1776,1,1
1777,1,1
1778,3,2
1779,1,1
1780,1,1
1781,2,1
1782,1,1
1783,1,1
1784,1,1
1785,3,2
1786,1,1
1787,1,1
1788,1,1
1789,2,1
1790,6,3
1791,2,2
1792,1,1
1793,6,4
1794,6,6
1795,3,2
1796,1,1
1797,4,4
1798,1,1
1799,4,4
1800,1,1
1801,1,1
1802,3,1
1803,1,1
1804,2,1
1805,8,4
1806,2,2
1807,1,1
1808,1,1
1809,1,1
1810,1,1
1811,1,1
1812,1,1
1813,1,1
1814,1,1
1815,1,1
1816,2,2
1817,2,1
1818,3,3
1819,1,1
1820,3,2
1821,1,1
1822,1,1
1823,1,1
1824,1,1
1825,2,2
1826,2,1
1827,1,1
1828,2,1
1829,1,1
1830,1,1
1831,2,1
1832,1,1
1833,1,1
1834,1,1
1835,1,1
1836,3,2
1837,2,2
1838,1,1
1839,2,1
1840,5,3
1841,1,1
1842,1,1
1843,9,6
1844,1,1
1845,1,1
1846,1,1
1847,2,2
1848,1,1
1849,2,2
1850,1,1
1851,1,1
1852,1,1
1853,3,2
1854,1,1
1855,2,2
1856,1,1
1857,1,1
1858,1,1
1859,5,3
1860,1,1
1861,1,1
1862,1,1
1863,1,1
1864,1,1
1865,1,1
1866,1,1
1867,1,1
1868,1,1
1869,1,1
1870,1,1
1871,2,2
1872,2,2
1873,1,1
1874,1,1
1875,1,1
1876,1,1
1877,1,1
1878,1,1
1879,2,1
1880,1,1
1881,1,1
1882,1,1
1883,1,1
1884,1,1
1885,1,1
1886,3,2
1887,2,2
1888,1,1
1889,1,1
1890,1,1
1891,2,2
1892,1,1
1893,1,1
1894,2,2
1895,1,1
1896,1,1
1897,1,1
1898,2,2
1899,2,1
1900,2,2
1901,1,1
1902,1,1
1903,1,1
1904,2,2
1905,1,1
1906,1,1
1907,1,1
1908,1,1
1909,1,1
1910,2,1
1911,1,1
1912,1,1
1913,2,2
1914,1,1
1915,1,1
1916,1,1
1917,1,1
1918,1,1
1919,1,1
1920,1,1
1921,1,1
1922,2,2
1923,1,1
1924,1,1
1925,1,1
1926,1,1
1927,1,1
1928,1,1
1929,1,1
1930,1,1
1931,3,2
1932,1,1
1933,3,3
1934,1,1
1935,1,1
1936,1,1
1937,1,1
1938,1,1
1939,1,1
1940,1,1
1941,2,2
1942,1,1
1943,1,1
1944,1,1
1945,1,1
1946,1,1
1947,1,1
1948,1,1
1949,1,1
1950,1,1
1951,1,1
1952,1,1
1953,1,1
1954,1,1
1955,4,3
1956,1,1
1957,1,1
1958,1,1
1959,1,1
1960,2,1
1961,1,1
1962,1,1
1963,1,1
1964,2,2
1965,1,1
1966,1,1
1967,6,4
1968,1,1
1969,1,1
1970,2,1
1971,2,1
1972,1,1
1973,1,1
1974,1,1
1975,1,1
1976,4,2
1977,2,2
1978,1,1
1979,1,1
1980,6,4
1981,1,1
1982,1,1
1983,1,1
1984,2,1
1985,1,1
1986,3,2
1987,1,1
1988,1,1
1989,1,1
1990,1,1
1991,2,2
1992,1,1
1993,1,1
1994,2,1
1995,1,1
1996,1,1
1997,1,1
1998,1,1
1999,1,1
2000,1,1
2001,5,3
2002,1,1
2003,3,2
2004,3,2
2005,1,1
2006,1,1
2007,1,1
2008,2,2
2009,1,1
2010,1,1
2011,1,1
2012,1,1
2013,3,2
2014,1,1
2015,1,1
2016,1,1
2017,1,1
2018,1,1
2019,1,1
2020,2,2
2021,1,1
2022,1,1
2023,1,1
2024,1,1
2025,1,1
2026,1,1
2027,1,1
2028,1,1
2029,1,1
2030,1,1
2031,1,1
2032,1,1
2033,1,1
2034,1,1
2035,3,2
2036,1,1
2037,1,1
2038,1,1
2039,1,1
2040,1,1
2041,1,1
2042,1,1
2043,1,1
2044,1,1
2045,1,1
2046,1,1
2047,1,1
2048,2,2
2049,1,1
2050,1,1
2051,3,2
2052,2,2
2053,1,1
2054,1,1
2055,1,1
2056,1,1
2057,1,1
2058,1,1
2059,1,1
2060,1,1
2061,1,1
2062,2,1
2063,1,1
2064,1,1
2065,1,1
2066,1,1
2067,2,2
2068,1,1
2069,1,1
2070,2,1
2071,1,1
2072,2,1
2073,1,1
2074,1,1
2075,1,1
2076,1,1
2077,1,1
2078,1,1
2079,1,1
2080,1,1
2081,1,1
2082,1,1
2083,1,1
2084,1,1
2085,4,3
2086,1,1
2087,3,2
2088,1,1
2089,3,2
2090,2,1
2091,1,1
2092,1,1
2093,1,1
2094,2,2
2095,1,1
2096,1,1
2097,1,1
2098,1,1
2099,1,1
2100,1,1
2101,1,1
2102,1,1
2103,2,1
2104,1,1
2105,1,1
2106,1,1
2107,1,1
2108,1,1
2109,1,1
2110,3,2
2111,1,1
2112,1,1
2113,1,1
2114,1,1
2115,1,1
2116,1,1
2117,1,1
2118,2,2
2119,1,1
2120,1,1
2121,1,1
2122,1,1
2123,2,2
2124,2,1
2125,1,1
2126,1,1
2127,1,1
2128,2,2
2129,1,1
2130,1,1
2131,2,2
2132,1,1
2133,3,3
2134,1,1
2135,1,1
2136,1,1
2137,1,1
2138,1,1
2139,1,1
2140,1,1
2141,1,1
2142,3,3
2143,1,1
2144,3,2
2145,1,1
2146,1,1
2147,1,1
2148,4,2
2149,1,1
2150,1,1
2151,2,2
2152,2,1
2153,1,1
2154,1,1
2155,2,2
2156,1,1
2157,1,1
2158,1,1
2159,2,2
2160,2,1
2161,2,1
2162,1,1
2163,4,2
2164,2,2
2165,1,1
2166,1,1
2167,3,1
2168,1,1
2169,1,1
2170,1,1
2171,1,1
2172,2,2
2173,1,1
2174,1,1
2175,1,1
2176,4,3
2177,4,4
2178,1,1
2179,1,1
2180,1,1
2181,1,1
2182,2,1
2183,1,1
2184,1,1
2185,3,1
2186,1,1
2187,1,1
2188,1,1
2189,3,2
2190,2,2
2191,3,2
2192,1,1
2193,4,3
2194,1,1
2195,1,1
2196,1,1
2197,1,1
2198,1,1
2199,1,1
2200,1,1
2201,1,1
2202,1,1
2203,1,1
2204,1,1
2205,1,1
2206,2,1
2207,1,1
2208,1,1
2209,1,1
2210,1,1
2211,1,1
2212,1,1
2213,2,1
2214,1,1
2215,1,1
2216,1,1
2217,1,1
2218,2,1
2219,1,1
2220,2,2
2221,2,2
2222,1,1
2223,1,1
2224,1,1
2225,1,1
2226,1,1
2227,1,1
2228,1,1
2229,3,3
2230,1,1
2231,1,1
2232,1,1
2233,1,1
2234,1,1
2235,1,1
2236,1,1
2237,1,1
2238,1,1
2239,1,1
2240,1,1
2241,1,1
2242,2,2
2243,1,1
2244,3,2
2245,1,1
2246,2,2
2247,10,6
2248,3,2
2249,1,1
2250,1,1
2251,1,1
2252,1,1
2253,3,2
2254,1,1
2255,1,1
2256,1,1
2257,1,1
2258,1,1
2259,3,2
2260,1,1
2261,1,1
2262,1,1
2263,1,1
2264,1,1
2265,1,1
2266,1,1
2267,1,1
2268,1,1
2269,1,1
2270,3,2
2271,2,2
2272,1,1
2273,1,1
2274,1,1
2275,1,1
2276,1,1
2277,1,1
2278,1,1
2279,1,1
2280,1,1
2281,2,2
2282,1,1
2283,1,1
2284,2,2
2285,1,1
2286,2,2
2287,1,1
2288,2,1
2289,1,1
2290,1,1
2291,1,1
2292,2,2
2293,2,1
2294,1,1
2295,1,1
2296,1,1
2297,3,3
2298,1,1
2299,1,1
2300,1,1
2301,2,1
2302,1,1
2303,1,1
2304,1,1
2305,2,1
2306,1,1
2307,2,2
2308,1,1
2309,1,1
2310,1,1
2311,2,1
2312,1,1
2313,1,1
2314,8,3
2315,1,1
2316,1,1
2317,2,2
2318,1,1
2319,2,1
2320,3,3
2321,1,1
2322,1,1
2323,1,1
2324,1,1
2325,1,1
2326,1,1
2327,1,1
2328,1,1
2329,1,1
2330,1,1
2331,1,1
2332,1,1
2333,1,1
2334,1,1
2335,1,1
2336,1,1
2337,1,1
2338,2,2
2339,2,2
2340,2,1
2341,1,1
2342,1,1
2343,2,1
2344,1,1
2345,4,1
2346,1,1
2347,1,1
2348,1,1
2349,1,1
2350,1,1
2351,1,1
2352,1,1
2353,1,1
2354,1,1
2355,1,1
2356,2,2
2357,4,4
2358,1,1
2359,1,1
2360,1,1
2361,1,1
2362,1,1
2363,1,1
2364,2,1
2365,1,1
2366,1,1
2367,5,4
2368,1,1
2369,2,2
2370,1,1
2371,1,1
2372,3,1
2373,1,1
2374,2,2
2375,1,1
2376,1,1
2377,1,1
2378,1,1
2379,1,1
2380,4,4
2381,2,1
2382,1,1
2383,1,1
2384,4,3
2385,1,1
2386,1,1
2387,1,1
2388,1,1
2389,1,1
2390,1,1
2391,1,1
2392,1,1
2393,1,1
2394,1,1
2395,2,2
2396,1,1
2397,1,1
2398,1,1
2399,4,3
2400,2,2
2401,1,1
2402,3,2
2403,1,1
2404,2,2
2405,1,1
2406,2,2
2407,1,1
2408,1,1
2409,1,1
2410,1,1
2411,2,2
2412,1,1
2413,1,1
2414,1,1
2415,1,1
2416,1,1
2417,3,2
2418,1,1
2419,1,1
2420,6,2
2421,2,2
2422,1,1
2423,3,2
2424,1,1
2425,2,2
2426,1,1
2427,1,1
2428,1,1
2429,2,1
2430,2,2
2431,1,1
2432,1,1
2433,1,1
2434,1,1
2435,2,1
2436,1,1
2437,1,1
2438,1,1
2439,1,1
2440,1,1
2441,2,2
2442,1,1
2443,2,2
2444,2,2
2445,1,1
2446,1,1
2447,1,1
2448,1,1
2449,1,1
2450,1,1
2451,2,1
2452,2,2
2453,1,1
2454,1,1
2455,1,1
2456,1,1
2457,1,1
2458,1,1
2459,3,3
2460,1,1
2461,1,1
2462,1,1
2463,1,1
2464,1,1
2465,2,2
2466,2,2
2467,1,1
2468,3,2
2469,1,1
2470,1,1
2471,1,1
2472,1,1
2473,1,1
2474,2,1
2475,1,1
2476,1,1
2477,4,3
2478,1,1
2479,1,1
2480,1,1
2481,1,1
2482,1,1
2483,3,1
2484,1,1
2485,1,1
2486,1,1
2487,1,1
2488,1,1
2489,1,1
2490,1,1
2491,1,1
2492,1,1
2493,1,1
2494,1,1
2495,1,1
2496,1,1
2497,1,1
2498,1,1
2499,1,1
2500,1,1
2501,6,5
2502,1,1
2503,2,1
2504,2,1
2505,1,1
2506,1,1
2507,1,1
2508,1,1
2509,4,3
2510,2,1
2511,1,1
2512,2,2
2513,1,1
2514,1,1
2515,1,1
2516,1,1
2517,1,1
2518,1,1
2519,4,2
2520,1,1
2521,1,1
2522,2,2
2523,1,1
2524,1,1
2525,1,1
2526,1,1
2527,1,1
2528,1,1
2529,1,1
2530,1,1
2531,1,1
2532,1,1
2533,1,1
2534,1,1
2535,1,1
2536,1,1
2537,3,3
2538,1,1
2539,1,1
2540,1,1
2541,2,2
2542,1,1
2543,1,1
2544,1,1
2545,1,1
2546,1,1
2547,1,1
2548,2,2
2549,1,1
2550,2,1
2551,4,2
2552,2,1
2553,1,1
2554,4,4
2555,1,1
2556,1,1
2557,1,1
2558,1,1
2559,1,1
2560,1,1
2561,2,1
2562,1,1
2563,2,2
2564,1,1
2565,1,1
2566,1,1
2567,1,1
2568,1,1
2569,1,1
2570,3,2
2571,1,1
2572,1,1
2573,1,1
2574,1,1
2575,1,1
2576,1,1
2577,2,1
2578,1,1
2579,1,1
2580,4,2
2581,1,1
2582,1,1
2583,1,1
2584,1,1
2585,1,1
2586,1,1
2587,1,1
2588,1,1
2589,1,1
2590,2,1
2591,1,1
2592,1,1
2593,3,3
2594,1,1
2595,2,1
2596,2,2
2597,1,1
2598,4,3
2599,1,1
2600,1,1
2601,1,1
2602,1,1
2603,1,1
2604,1,1
2605,1,1
2606,1,1
2607,1,1
2608,2,2
2609,1,1
2610,1,1
2611,1,1
2612,3,3
2613,1,1
2614,1,1
2615,4,3
2616,2,2
2617,1,1
2618,1,1
2619,2,2
2620,1,1
2621,1,1
2622,1,1
2623,2,2
2624,1,1
2625,1,1
2626,1,1
2627,2,2
2628,1,1
2629,1,1
2630,1,1
2631,1,1
2632,1,1
2633,1,1
2634,1,1
2635,2,2
2636,1,1
2637,1,1
2638,1,1
2639,1,1
2640,1,1
2641,1,1
2642,1,1
2643,1,1
2644,1,1
2645,1,1
2646,3,2
2647,1,1
2648,2,2
2649,3,2
2650,1,1
2651,1,1
2652,1,1
2653,2,2
2654,1,1
2655,1,1
2656,1,1
2657,2,1
2658,2,1
2659,1,1
2660,1,1
2661,1,1
2662,1,1
2663,1,1
2664,2,2
2665,2,1
2666,1,1
2667,1,1
2668,1,1
2669,1,1
2670,3,2
2671,1,1
2672,1,1
2673,2,2
2674,1,1
2675,1,1
2676,1,1
2677,1,1
2678,1,1
2679,1,1
2680,1,1
2681,2,1
2682,2,1
2683,1,1
2684,3,1
2685,1,1
2686,1,1
2687,1,1
2688,2,1
2689,2,2
2690,1,1
2691,2,1
2692,1,1
2693,1,1
2694,1,1
2695,2,1
2696,1,1
2697,1,1
2698,1,1
2699,2,2
2700,1,1
2701,2,2
2702,1,1
2703,2,2
2704,1,1
2705,1,1
2706,2,2
2707,1,1
2708,1,1
2709,1,1
2710,4,3
2711,2,1
2712,1,1
2713,1,1
2714,2,1
2715,1,1
2716,1,1
2717,2,2
2718,1,1
2719,1,1
2720,1,1
2721,1,1
2722,2,2
2723,2,2
2724,1,1
2725,1,1
2726,1,1
2727,1,1
2728,1,1
2729,1,1
2730,1,1
2731,1,1
2732,1,1
2733,1,1
2734,1,1
2735,1,1
2736,3,3
2737,1,1
2738,1,1
2739,1,1
2740,1,1
2741,1,1
2742,1,1
2743,1,1
2744,1,1
2745,1,1
2746,1,1
2747,1,1
2748,1,1
2749,2,2
2750,1,1
2751,2,1
2752,1,1
2753,1,1
2754,1,1
2755,2,1
2756,2,2
2757,1,1
2758,1,1
2759,1,1
2760,2,2
2761,1,1
2762,2,2
2763,1,1
2764,2,2
2765,1,1
2766,2,1
2767,1,1
2768,1,1
2769,1,1
2770,1,1
2771,1,1
2772,2,2
2773,4,3
2774,1,1
2775,1,1
2776,5,3
2777,1,1
2778,3,2
2779,2,1
2780,1,1
2781,2,2
2782,1,1
2783,1,1
2784,1,1
2785,2,2
2786,1,1
2787,4,3
2788,2,2
2789,1,1
2790,1,1
2791,1,1
2792,1,1
2793,1,1
2794,1,1
2795,1,1
2796,2,1
2797,1,1
2798,2,2
2799,1,1
2800,2,1
2801,1,1
2802,1,1
2803,1,1
2804,3,2
2805,1,1
2806,1,1
2807,1,1
2808,1,1
2809,3,3
2810,1,1
2811,1,1
2812,1,1
2813,1,1
2814,1,1
2815,1,1
2816,1,1
2817,3,2
2818,2,2
2819,1,1
2820,1,1
2821,2,2
2822,1,1
2823,2,2
2824,1,1
2825,2,2
2826,1,1
2827,1,1
2828,1,1
2829,1,1
2830,1,1
2831,1,1
2832,2,2
2833,1,1
2834,1,1
2835,1,1
2836,1,1
2837,2,2
2838,4,4
2839,2,1
2840,1,1
2841,1,1
2842,1,1
2843,1,1
2844,2,1
2845,1,1
2846,1,1
2847,2,2
2848,1,1
2849,1,1
2850,1,1
2851,1,1
2852,1,1
2853,1,1
2854,1,1
2855,1,1
2856,1,1
2857,1,1
2858,2,1
2859,5,4
2860,1,1
2861,1,1
2862,1,1
2863,2,1
2864,2,2
2865,1,1
2866,1,1
2867,2,2
2868,1,1
2869,2,2
2870,1,1
2871,2,1
2872,1,1
2873,1,1
2874,1,1
2875,1,1
2876,1,1
2877,3,2
2878,1,1
2879,2,1
2880,1,1
2881,1,1
2882,2,2
2883,4,4
2884,1,1
2885,1,1
2886,1,1
2887,1,1
2888,1,1
2889,2,1
2890,1,1
2891,1,1
2892,1,1
2893,1,1
2894,1,1
2895,1,1
2896,2,1
2897,1,1
2898,1,1
2899,1,1
2900,1,1
2901,2,2
2902,1,1
2903,1,1
2904,1,1
2905,1,1
2906,1,1
2907,2,1
2908,1,1
2909,2,2
2910,1,1
2911,1,1
2912,2,2
2913,1,1
2914,1,1
2915,1,1
2916,1,1
2917,1,1
2918,1,1
2919,1,1
2920,1,1
2921,1,1
2922,1,1
2923,2,2
2924,1,1
2925,1,1
2926,1,1
2927,1,1
2928,1,1
2929,1,1
2930,1,1
2931,1,1
2932,1,1
2933,1,1
2934,1,1
2935,2,2
2936,1,1
2937,1,1
2938,1,1
2939,1,1
2940,1,1
2941,2,2
2942,1,1
2943,5,3
2944,1,1
2945,1,1
2946,1,1
2947,3,2
2948,1,1
2949,1,1
2950,1,1
2951,2,2
2952,1,1
2953,1,1
2954,1,1
2955,1,1
2956,1,1
2957,1,1
2958,2,2
2959,3,3
2960,1,1
2961,1,1
2962,2,2
2963,1,1
2964,1,1
2965,1,1
2966,1,1
2967,1,1
2968,4,3
2969,1,1
2970,1,1
2971,1,1
2972,1,1
2973,1,1
2974,1,1
2975,3,3
2976,1,1
2977,3,2
2978,1,1
2979,2,2
2980,1,1
2981,1,1
2982,1,1
2983,1,1
2984,1,1
2985,1,1
2986,1,1
2987,1,1
2988,1,1
2989,1,1
2990,1,1
2991,1,1
2992,1,1
2993,1,1
2994,1,1
2995,1,1
2996,1,1
2997,2,1
2998,2,2
2999,1,1
3000,1,1
3001,1,1
3002,1,1
3003,4,2
3004,3,2
3005,1,1
3006,8,3
3007,1,1
3008,2,2
3009,1,1
3010,1,1
3011,1,1
3012,1,1
3013,1,1
3014,2,1
3015,3,3
3016,1,1
3017,1,1
3018,3,3
3019,1,1
3020,1,1
3021,1,1
3022,1,1
3023,1,1
3024,1,1
3025,1,1
3026,1,1
3027,2,2
3028,1,1
3029,2,2
3030,2,2
3031,1,1
3032,1,1
3033,3,2
3034,1,1
3035,1,1
3036,1,1
3037,1,1
3038,1,1
3039,2,2
3040,1,1
3041,1,1
3042,1,1
3043,1,1
3044,2,2
3045,2,2
3046,2,1
3047,1,1
3048,1,1
3049,1,1
3050,1,1
3051,1,1
3052,1,1
3053,2,1
3054,1,1
3055,1,1
3056,1,1
3057,1,1
3058,2,2
3059,1,1
3060,1,1
3061,1,1
3062,1,1
3063,1,1
3064,4,2
3065,1,1
3066,1,1
3067,2,1
3068,1,1
3069,2,1
3070,1,1
3071,2,2
3072,1,1
3073,1,1
3074,1,1
3075,1,1
3076,1,1
3077,1,1
3078,4,3
3079,1,1
3080,2,1
3081,1,1
3082,1,1
3083,1,1
3084,1,1
3085,1,1
3086,1,1
3087,2,2
3088,1,1
3089,1,1
3090,2,1
3091,1,1
3092,1,1
3093,2,1
3094,1,1
3095,1,1
3096,2,2
3097,1,1
3098,3,2
3099,1,1
3100,3,1
3101,1,1
3102,1,1
3103,1,1
3104,1,1
3105,1,1
3106,1,1
3107,1,1
3108,1,1
3109,3,2
3110,1,1
3111,1,1
3112,1,1
3113,1,1
3114,1,1
3115,1,1
3116,1,1
3117,1,1
3118,1,1
3119,1,1
3120,1,1
3121,6,3
3122,3,3
3123,1,1
3124,1,1
3125,1,1
3126,1,1
3127,1,1
3128,1,1
3129,1,1
3130,1,1
3131,6,4
3132,2,2
3133,3,1
3134,2,1
3135,1,1
3136,1,1
3137,1,1
3138,2,2
3139,2,2
3140,2,2
3141,2,2
3142,1,1
3143,2,2
3144,1,1
3145,1,1
3146,1,1
3147,1,1
3148,1,1
3149,1,1
3150,3,3
3151,1,1
3152,1,1
3153,2,1
3154,1,1
3155,1,1
3156,1,1
3157,3,2
3158,2,1
3159,1,1
3160,2,1
3161,1,1
3162,1,1
3163,1,1
3164,1,1
3165,1,1
3166,2,2
3167,1,1
3168,1,1
3169,1,1
3170,1,1
3171,1,1
3172,1,1
3173,5,3
3174,1,1
3175,1,1
3176,1,1
3177,1,1
3178,1,1
3179,1,1
3180,1,1
3181,1,1
3182,1,1
3183,1,1
3184,1,1
3185,2,2
3186,2,2
3187,1,1
3188,2,1
3189,5,3
3190,2,2
3191,2,2
3192,2,2
3193,1,1
3194,2,2
3195,1,1
3196,1,1
3197,3,3
3198,1,1
3199,1,1
3200,2,2
3201,1,1
3202,1,1
3203,1,1
3204,1,1
3205,2,2
3206,2,1
3207,1,1
3208,4,3
3209,1,1
3210,1,1
3211,2,2
3212,1,1
3213,1,1
3214,2,1
3215,1,1
3216,1,1
3217,1,1
3218,3,2
3219,1,1
3220,1,1
3221,1,1
3222,1,1
3223,1,1
3224,1,1
3225,1,1
3226,3,2
3227,1,1
3228,1,1
3229,1,1
3230,4,2
3231,1,1
3232,1,1
3233,1,1
3234,1,1
3235,1,1
3236,1,1
3237,1,1
3238,1,1
3239,1,1
3240,1,1
3241,2,2
3242,1,1
3243,1,1
3244,1,1
3245,1,1
3246,1,1
3247,1,1
3248,1,1
3249,2,1
3250,4,3
3251,1,1
3252,1,1
3253,1,1
3254,1,1
3255,1,1
3256,1,1
3257,1,1
3258,6,4
3259,1,1
3260,1,1
3261,1,1
3262,1,1
3263,1,1
3264,1,1
3265,1,1
3266,1,1
3267,1,1
3268,1,1
3269,1,1
3270,2,2
3271,1,1
3272,1,1
3273,1,1
3274,1,1
3275,3,1
3276,2,2
3277,3,3
3278,1,1
3279,1,1
3280,2,1
3281,1,1
3282,1,1
3283,2,2
3284,1,1
3285,1,1
3286,1,1
3287,5,3
3288,1,1
3289,1,1
3290,1,1
3291,1,1
3292,1,1
3293,1,1
3294,1,1
3295,1,1
3296,1,1
3297,2,2
3298,1,1
3299,2,2
3300,1,1
3301,1,1
3302,1,1
3303,1,1
3304,1,1
3305,1,1
3306,1,1
3307,3,2
3308,1,1
3309,1,1
3310,6,4
3311,1,1
3312,1,1
3313,1,1
3314,1,1
3315,1,1
3316,2,1
3317,1,1
3318,1,1
3319,1,1
3320,2,2
3321,1,1
3322,1,1
3323,1,1
3324,1,1
3325,1,1
3326,2,2
3327,2,2
3328,1,1
3329,3,3
3330,6,3
3331,1,1
3332,1,1
3333,3,2
3334,2,2
3335,6,5
3336,1,1
3337,1,1
3338,2,1
3339,2,1
3340,1,1
3341,2,2
3342,1,1
3343,1,1
3344,1,1
3345,3,2
3346,1,1
3347,1,1
3348,1,1
3349,1,1
3350,1,1
3351,1,1
3352,1,1
3353,1,1
3354,1,1
3355,1,1
3356,1,1
3357,2,2
3358,1,1
3359,1,1
3360,1,1
3361,2,1
3362,1,1
3363,1,1
3364,2,2
3365,1,1
3366,1,1
3367,2,2
3368,1,1
3369,1,1
3370,1,1
3371,2,2
3372,1,1
3373,1,1
3374,5,2
3375,1,1
3376,3,2
3377,1,1
3378,8,6
3379,1,1
3380,1,1
3381,1,1
3382,2,1
3383,5,5
3384,1,1
3385,1,1
3386,1,1
3387,1,1
3388,1,1
3389,1,1
3390,1,1
3391,2,2
3392,2,2
3393,1,1
3394,1,1
3395,1,1
3396,1,1
3397,4,3
3398,1,1
3399,1,1
3400,3,2
3401,1,1
3402,1,1
3403,1,1
3404,1,1
3405,1,1
3406,2,1
3407,1,1
3408,3,2
3409,1,1
3410,2,2
3411,1,1
3412,1,1
3413,1,1
3414,1,1
3415,2,1
3416,1,1
3417,3,2
3418,1,1
3419,1,1
3420,1,1
3421,1,1
3422,1,1
3423,1,1
3424,1,1
3425,1,1
3426,1,1
3427,2,1
3428,1,1
3429,1,1
3430,1,1
3431,1,1
3432,2,1
3433,1,1
3434,1,1
3435,2,2
3436,1,1
3437,3,3
3438,1,1
3439,1,1
3440,1,1
3441,1,1
3442,1,1
3443,1,1
3444,1,1
3445,1,1
3446,1,1
3447,1,1
3448,1,1
3449,2,2
3450,1,1
3451,2,2
3452,1,1
3453,2,2
3454,1,1
3455,1,1
3456,1,1
3457,1,1
3458,1,1
3459,1,1
3460,1,1
3461,2,2
3462,1,1
3463,1,1
3464,1,1
3465,1,1
3466,1,1
3467,1,1
3468,1,1
3469,1,1
3470,1,1
3471,1,1
3472,1,1
3473,1,1
3474,1,1
3475,1,1
3476,1,1
3477,1,1
3478,1,1
3479,1,1
3480,3,2
3481,1,1
3482,1,1
3483,1,1
3484,1,1
3485,1,1
3486,1,1
3487,1,1
3488,1,1
3489,2,2
3490,1,1
3491,2,2
3492,1,1
3493,1,1
3494,1,1
3495,1,1
3496,1,1
3497,1,1
3498,1,1
3499,2,2
3500,1,1
3501,1,1
3502,3,3
3503,1,1
3504,2,2
3505,1,1
3506,2,2
3507,1,1
3508,1,1
3509,1,1
3510,1,1
3511,1,1
3512,1,1
3513,2,2
3514,1,1
3515,2,2
3516,1,1
3517,1,1
3518,1,1
3519,3,3
3520,2,2
3521,2,2
3522,1,1
3523,1,1
3524,2,1
3525,2,1
3526,1,1
3527,1,1
3528,2,1
3529,1,1
3530,2,2
3531,1,1
3532,1,1
3533,1,1
3534,2,2
3535,1,1
3536,1,1
3537,1,1
3538,1,1
3539,2,1
3540,1,1
3541,2,2
3542,1,1
3543,4,2
3544,1,1
3545,1,1
3546,3,2
3547,1,1
3548,1,1
3549,2,2
3550,1,1
3551,2,2
3552,1,1
3553,1,1
3554,2,1
3555,1,1
3556,3,1
3557,1,1
3558,1,1
3559,1,1
3560,1,1
3561,1,1
3562,1,1
3563,4,3
3564,1,1
3565,2,2
3566,1,1
3567,1,1
3568,1,1
3569,1,1
3570,1,1
3571,1,1
3572,1,1
3573,2,2
3574,1,1
3575,1,1
3576,1,1
3577,1,1
3578,1,1
3579,1,1
3580,1,1
3581,1,1
3582,2,2
3583,1,1
3584,2,2
3585,1,1
3586,1,1
3587,1,1
3588,1,1
3589,1,1
3590,2,1
3591,2,2
3592,1,1
3593,1,1
3594,1,1
3595,1,1
3596,1,1
3597,1,1
3598,1,1
3599,1,1
3600,1,1
3601,1,1
3602,1,1
3603,1,1
3604,1,1
3605,1,1
3606,1,1
3607,2,2
3608,1,1
3609,1,1
3610,3,3
3611,1,1
3612,2,2
3613,1,1
3614,1,1
3615,1,1
3616,1,1
3617,1,1
3618,1,1
3619,1,1
3620,1,1
3621,2,1
3622,1,1
3623,1,1
3624,2,1
3625,1,1
3626,1,1
3627,1,1
3628,1,1
3629,1,1
3630,1,1
3631,1,1
3632,1,1
3633,1,1
3634,1,1
3635,1,1
3636,1,1
3637,1,1
3638,1,1
3639,1,1
3640,1,1
3641,1,1
3642,1,1
3643,1,1
3644,1,1
3645,1,1
3646,1,1
3647,1,1
3648,1,1
3649,1,1
3650,1,1
3651,1,1
3652,1,1
3653,1,1
3654,1,1
3655,1,1
3656,2,1
3657,1,1
3658,1,1
3659,1,1
3660,1,1
3661,1,1
3662,1,1
3663,1,1
3664,1,1
3665,1,1
3666,1,1
3667,1,1
3668,1,1
3669,1,1
3670,1,1
3671,1,1
3672,1,1
3673,3,2
3674,1,1
3675,1,1
3676,1,1
3677,4,2
3678,1,1
3679,1,1
3680,1,1
3681,1,1
3682,1,1
3683,1,1
3684,1,1
3685,1,1
3686,1,1
3687,1,1
3688,2,2
3689,3,3
3690,2,1
3691,1,1
3692,1,1
3693,1,1
3694,1,1
3695,1,1
3696,2,1
3697,1,1
3698,3,2
3699,1,1
3700,4,3
3701,1,1
3702,1,1
3703,1,1
3704,1,1
3705,1,1
3706,1,1
3707,1,1
3708,2,2
3709,1,1
3710,1,1
3711,2,2
3712,1,1
3713,1,1
3714,1,1
3715,1,1
3716,1,1
3717,4,3
3718,1,1
3719,2,1
3720,1,1
3721,1,1
3722,1,1
3723,5,3
3724,1,1
3725,1,1
3726,1,1
3727,1,1
3728,1,1
3729,1,1
3730,1,1
3731,1,1
3732,4,3
3733,3,2
3734,2,2
3735,1,1
3736,3,3
3737,3,2
3738,1,1
3739,1,1
3740,1,1
3741,2,2
3742,1,1
3743,1,1
3744,1,1
3745,1,1
3746,1,1
3747,1,1
3748,1,1
3749,1,1
3750,1,1
3751,1,1
3752,1,1
3753,1,1
3754,1,1
3755,1,1
3756,1,1
3757,1,1
3758,1,1
3759,4,4
3760,1,1
3761,2,2
3762,1,1
3763,1,1
3764,3,3
3765,1,1
3766,1,1
3767,1,1
3768,1,1
3769,1,1
3770,1,1
3771,2,2
3772,1,1
3773,1,1
3774,1,1
3775,1,1
3776,1,1
3777,1,1
3778,1,1
3779,1,1
3780,2,2
3781,1,1
3782,1,1
3783,1,1
3784,1,1
3785,1,1
3786,3,2
3787,1,1
3788,1,1
3789,1,1
3790,1,1
3791,2,2
3792,2,2
3793,1,1
3794,1,1
3795,1,1
3796,3,2
3797,1,1
3798,1,1
3799,1,1
3800,1,1
3801,1,1
3802,1,1
3803,5,3
3804,2,2
3805,1,1
3806,1,1
3807,2,2
3808,1,1
3809,3,1
3810,3,2
3811,1,1
3812,1,1
3813,5,4
3814,1,1
3815,7,5
3816,1,1
3817,1,1
3818,1,1
3819,1,1
3820,1,1
3821,1,1
3822,1,1
3823,1,1
3824,1,1
3825,2,2
3826,2,1
3827,1,1
3828,1,1
3829,1,1
3830,1,1
3831,1,1
3832,1,1
3833,1,1
3834,1,1
3835,4,2
3836,1,1
3837,1,1
3838,1,1
3839,1,1
3840,1,1
3841,1,1
3842,1,1
3843,1,1
3844,2,1
3845,1,1
3846,1,1
3847,1,1
3848,1,1
3849,2,2
3850,2,1
3851,2,2
3852,1,1
3853,3,1
3854,1,1
3855,1,1
3856,2,2
3857,1,1
3858,1,1
3859,1,1
3860,1,1
3861,1,1
3862,1,1
3863,1,1
3864,1,1
3865,1,1
3866,2,1
3867,2,2
3868,1,1
3869,1,1
3870,2,2
3871,1,1
3872,4,2
3873,1,1
3874,1,1
3875,1,1
3876,1,1
3877,1,1
3878,2,2
3879,2,2
3880,1,1
3881,1,1
3882,1,1
3883,1,1
3884,1,1
3885,1,1
3886,1,1
3887,1,1
3888,3,3
3889,2,2
3890,1,1
3891,1,1
3892,1,1
3893,1,1
3894,1,1
3895,1,1
3896,2,1
3897,2,2
3898,1,1
3899,1,1
3900,1,1
3901,1,1
3902,2,1
3903,1,1
3904,1,1
3905,1,1
3906,1,1
3907,1,1
3908,2,1
3909,1,1
3910,2,2
3911,1,1
3912,2,2
3913,1,1
3914,1,1
3915,1,1
3916,1,1
3917,3,2
3918,1,1
3919,1,1
3920,1,1
3921,4,4
3922,1,1
3923,1,1
3924,1,1
3925,1,1
3926,1,1
3927,1,1
3928,2,1
3929,1,1
3930,1,1
3931,1,1
3932,2,2
3933,1,1
3934,1,1
3935,1,1
3936,1,1
3937,2,2
3938,1,1
3939,1,1
3940,1,1
3941,2,2
3942,1,1
3943,1,1
3944,1,1
3945,2,2
3946,1,1
3947,1,1
3948,1,1
3949,1,1
3950,1,1
3951,1,1
3952,1,1
3953,1,1
3954,1,1
3955,1,1
3956,1,1
3957,1,1
3958,1,1
3959,1,1
3960,1,1
3961,2,2
3962,2,2
3963,1,1
3964,1,1
3965,2,2
3966,1,1
3967,1,1
3968,1,1
3969,1,1
3970,1,1
3971,3,1
3972,3,2
3973,3,2
3974,1,1
3975,1,1
3976,1,1
3977,1,1
3978,1,1
3979,1,1
3980,1,1
3981,1,1
3982,1,1
3983,1,1
3984,2,2
3985,1,1
3986,1,1
3987,1,1
3988,1,1
3989,1,1
3990,1,1
3991,3,3
3992,1,1
3993,1,1
3994,4,3
3995,1,1
3996,1,1
3997,1,1
3998,1,1
3999,1,1
4000,1,1
4001,1,1
4002,1,1
4003,1,1
4004,1,1
4005,1,1
4006,1,1
4007,1,1
4008,1,1
4009,3,2
4010,1,1
4011,2,2
4012,1,1
4013,1,1
4014,1,1
4015,1,1
4016,1,1
4017,1,1
4018,2,2
4019,1,1
4020,1,1
4021,2,1
4022,2,2
4023,1,1
4024,1,1
4025,1,1
4026,1,1
4027,1,1
4028,1,1
4029,1,1
4030,1,1
4031,1,1
4032,1,1
4033,1,1
4034,1,1
4035,2,2
4036,1,1
4037,2,2
4038,1,1
4039,1,1
4040,1,1
4041,1,1
4042,1,1
4043,1,1
4044,1,1
4045,1,1
4046,1,1
4047,1,1
4048,1,1
4049,1,1
4050,1,1
4051,1,1
4052,1,1
4053,1,1
4054,1,1
4055,3,3
4056,1,1
4057,1,1
4058,1,1
4059,1,1
4060,1,1
4061,1,1
4062,1,1
4063,1,1
4064,2,2
4065,3,3
4066,1,1
4067,6,4
4068,1,1
4069,1,1
4070,1,1
4071,1,1
4072,1,1
4073,2,1
4074,3,3
4075,2,2
4076,1,1
4077,2,1
4078,1,1
4079,1,1
4080,1,1
4081,1,1
4082,1,1
4083,2,1
4084,1,1
4085,1,1
4086,2,2
4087,1,1
4088,1,1
4089,1,1
4090,1,1
4091,1,1
4092,1,1
4093,1,1
4094,1,1
4095,2,1
4096,1,1
4097,1,1
4098,1,1
4099,1,1
4100,1,1
4101,1,1
4102,1,1
4103,1,1
4104,1,1
4105,1,1
4106,9,5
4107,1,1
4108,2,1
4109,7,3
4110,3,2
4111,1,1
4112,1,1
4113,1,1
4114,1,1
4115,2,2
4116,1,1
4117,1,1
4118,1,1
4119,1,1
4120,1,1
4121,1,1
4122,1,1
4123,1,1
4124,1,1
4125,1,1
4126,2,1
4127,1,1
4128,3,2
4129,2,1
4130,1,1
4131,1,1
4132,1,1
4133,1,1
4134,3,2
4135,1,1
4136,1,1
4137,1,1
4138,1,1
4139,1,1
4140,1,1
4141,3,2
4142,1,1
4143,2,2
4144,1,1
4145,1,1
4146,2,2
4147,1,1
4148,1,1
4149,2,1
4150,1,1
4151,1,1
4152,1,1
4153,2,1
4154,1,1
4155,1,1
4156,1,1
4157,1,1
4158,2,2
4159,1,1
4160,1,1
4161,1,1
4162,1,1
4163,1,1
4164,1,1
4165,1,1
4166,1,1
4167,2,1
4168,2,1
4169,1,1
4170,1,1
4171,4,2
4172,1,1
4173,1,1
4174,1,1
4175,2,2
4176,3,2
4177,1,1
4178,1,1
4179,2,1
4180,1,1
4181,1,1
4182,1,1
4183,1,1
4184,1,1
4185,1,1
4186,1,1
4187,1,1
4188,1,1
4189,1,1
4190,2,1
4191,1,1
4192,1,1
4193,1,1
4194,1,1
4195,1,1
4196,1,1
4197,1,1
4198,1,1
4199,1,1
4200,1,1
4201,14,7
4202,2,2
4203,3,2
4204,2,2
4205,1,1
4206,1,1
4207,2,2
4208,1,1
4209,3,2
4210,1,1
4211,2,2
4212,1,1
4213,1,1
4214,1,1
4215,1,1
4216,1,1
4217,1,1
4218,1,1
4219,3,3
4220,1,1
4221,3,3
4222,1,1
4223,2,2
4224,1,1
4225,1,1
4226,1,1
4227,1,1
4228,1,1
4229,3,3
4230,1,1
4231,1,1
4232,1,1
4233,1,1
4234,1,1
4235,1,1
4236,2,1
4237,3,2
4238,2,2
4239,1,1
4240,2,2
4241,1,1
4242,2,1
4243,1,1
4244,1,1
4245,1,1
4246,1,1
4247,1,1
4248,1,1
4249,1,1
4250,1,1
4251,1,1
4252,2,2
4253,1,1
4254,2,1
4255,1,1
4256,1,1
4257,1,1
4258,1,1
4259,1,1
4260,1,1
4261,1,1
4262,1,1
4263,1,1
4264,1,1
4265,1,1
4266,1,1
4267,1,1
4268,1,1
4269,1,1
4270,1,1
4271,1,1
4272,1,1
4273,1,1
4274,1,1
4275,6,3
4276,1,1
4277,1,1
4278,1,1
4279,1,1
4280,1,1
4281,1,1
4282,1,1
4283,1,1
4284,3,2
4285,1,1
4286,1,1
4287,1,1
4288,1,1
4289,2,2
4290,1,1
4291,1,1
4292,2,2
4293,1,1
4294,1,1
4295,1,1
4296,1,1
4297,1,1
4298,2,2
4299,1,1
4300,1,1
4301,1,1
4302,1,1
4303,1,1
4304,1,1
4305,3,2
4306,1,1
4307,2,2
4308,1,1
4309,1,1
4310,1,1
4311,4,3
4312,1,1
4313,1,1
4314,1,1
4315,1,1
4316,1,1
4317,5,4
4318,1,1
4319,1,1
4320,1,1
4321,1,1
4322,1,1
4323,1,1
4324,1,1
4325,1,1
4326,2,1
4327,1,1
4328,1,1
4329,3,2
4330,3,2
4331,2,2
4332,1,1
4333,1,1
4334,2,2
4335,2,1
4336,1,1
4337,1,1
4338,4,3
4339,1,1
4340,2,1
4341,2,1
4342,4,3
4343,1,1
4344,1,1
4345,1,1
4346,1,1
4347,1,1
4348,1,1
4349,1,1
4350,2,1
4351,1,1
4352,1,1
4353,1,1
4354,1,1
4355,3,2
4356,1,1
4357,1,1
4358,1,1
4359,1,1
4360,1,1
4361,1,1
4362,1,1
4363,4,3
4364,1,1
4365,1,1
4366,3,2
4367,1,1
4368,1,1
4369,1,1
4370,1,1
4371,1,1
4372,1,1
4373,1,1
4374,9,5
4375,2,2
4376,1,1
4377,1,1
4378,1,1
4379,1,1
4380,1,1
4381,1,1
4382,1,1
4383,1,1
4384,1,1
4385,2,2
4386,1,1
4387,1,1
4388,1,1
4389,1,1
4390,1,1
4391,1,1
4392,1,1
4393,2,2
4394,1,1
4395,1,1
4396,1,1
4397,2,2
4398,1,1
4399,1,1
4400,1,1
4401,1,1
4402,4,4
4403,1,1
4404,1,1
4405,2,1
4406,2,1
4407,1,1
4408,1,1
4409,1,1
4410,1,1
4411,1,1
4412,1,1
4413,1,1
4414,1,1
4415,1,1
4416,3,2
4417,1,1
4418,1,1
4419,1,1
4420,1,1
4421,1,1
4422,1,1
4423,2,2
4424,1,1
4425,1,1
4426,1,1
4427,1,1
4428,1,1
4429,1,1
4430,1,1
4431,1,1
4432,1,1
4433,1,1
4434,2,2
4435,1,1
4436,1,1
4437,4,1
4438,3,2
4439,1,1
4440,1,1
4441,11,5
4442,1,1
4443,1,1
4444,1,1
4445,1,1
4446,1,1
4447,1,1
4448,2,1
4449,1,1
4450,1,1
4451,1,1
4452,1,1
4453,1,1
4454,2,1
4455,1,1
4456,1,1
4457,3,2
4458,1,1
4459,1,1
4460,1,1
4461,1,1
4462,1,1
4463,1,1
4464,1,1
4465,1,1
4466,3,2
4467,1,1
4468,1,1
4469,1,1
4470,1,1
4471,2,2
4472,2,2
4473,2,2
4474,1,1
4475,1,1
4476,3,3
4477,1,1
4478,1,1
4479,1,1
4480,1,1
4481,6,4
4482,1,1
4483,1,1
4484,1,1
4485,1,1
4486,1,1
4487,1,1
4488,2,2
4489,2,1
4490,2,2
4491,1,1
4492,1,1
4493,1,1
4494,1,1
4495,1,1
4496,1,1
4497,1,1
4498,5,5
4499,1,1
4500,1,1
4501,2,1
4502,1,1
4503,1,1
4504,3,2
4505,1,1
4506,1,1
4507,1,1
4508,13,7
4509,1,1
4510,2,1
4511,1,1
4512,1,1
4513,1,1
4514,1,1
4515,1,1
4516,1,1
4517,1,1
4518,1,1
4519,1,1
4520,3,2
4521,1,1
4522,1,1
4523,1,1
4524,1,1
4525,1,1
4526,1,1
4527,2,1
4528,1,1
4529,1,1
4530,1,1
4531,1,1
4532,2,1
4533,2,2
4534,1,1
4535,1,1
4536,1,1
4537,1,1
4538,1,1
4539,1,1
4540,1,1
4541,1,1
4542,2,2
4543,1,1
4544,5,5
4545,1,1
4546,2,1
4547,1,1
4548,2,2
4549,1,1
4550,1,1
4551,1,1
4552,1,1
4553,1,1
4554,1,1
4555,1,1
4556,1,1
4557,2,1
4558,1,1
4559,1,1
4560,1,1
4561,2,2
4562,1,1
4563,1,1
4564,1,1
4565,1,1
4566,1,1
4567,1,1
4568,1,1
4569,1,1
4570,1,1
4571,1,1
4572,1,1
4573,1,1
4574,1,1
4575,1,1
4576,1,1
4577,1,1
4578,1,1
4579,1,1
4580,1,1
4581,1,1
4582,1,1
4583,1,1
4584,1,1
4585,1,1
4586,1,1
4587,1,1
4588,1,1
4589,1,1
4590,1,1
4591,1,1
4592,1,1
4593,1,1
4594,1,1
4595,3,2
4596,1,1
4597,1,1
4598,1,1
4599,1,1
4600,1,1
4601,1,1
4602,1,1
4603,4,2
4604,1,1
4605,1,1
4606,1,1
4607,1,1
4608,1,1
4609,1,1
4610,1,1
4611,3,2
4612,1,1
4613,2,2
4614,4,3
4615,1,1
4616,1,1
4617,1,1
4618,1,1
4619,2,2
4620,1,1
4621,2,2
4622,1,1
4623,1,1
4624,1,1
4625,1,1
4626,1,1
4627,1,1
4628,1,1
4629,2,1
4630,1,1
4631,1,1
4632,1,1
4633,1,1
4634,1,1
4635,1,1
4636,1,1
4637,2,2
4638,1,1
4639,1,1
4640,1,1
4641,1,1
4642,1,1
4643,2,1
4644,1,1
4645,2,2
4646,1,1
4647,1,1
4648,1,1
4649,1,1
4650,1,1
4651,2,2
4652,4,2
4653,2,2
4654,1,1
4655,1,1
4656,3,3
4657,1,1
4658,1,1
4659,1,1
4660,2,1
4661,1,1
4662,2,1
4663,1,1
4664,1,1
4665,3,1
4666,1,1
4667,1,1
4668,1,1
4669,1,1
4670,2,2
4671,1,1
4672,2,1
4673,1,1
4674,1,1
4675,1,1
4676,1,1
4677,1,1
4678,1,1
4679,1,1
4680,1,1
4681,1,1
4682,2,2
4683,1,1
4684,3,2
4685,1,1
4686,4,2
4687,1,1
4688,1,1
4689,1,1
4690,1,1
4691,1,1
4692,1,1
4693,1,1
4694,1,1
4695,1,1
4696,1,1
4697,1,1
4698,1,1
4699,1,1
4700,1,1
4701,1,1
4702,1,1
4703,1,1
4704,4,3
4705,1,1
4706,3,2
4707,1,1
4708,1,1
4709,1,1
4710,4,3
4711,1,1
4712,1,1
4713,4,3
4714,1,1
4715,1,1
4716,2,2
4717,1,1
4718,1,1
4719,2,1
4720,1,1
4721,1,1
4722,2,2
4723,2,2
4724,1,1
4725,1,1
4726,1,1
4727,1,1
4728,1,1
4729,1,1
4730,1,1
4731,4,4
4732,1,1
4733,2,1
4734,2,2
4735,2,2
4736,1,1
4737,1,1
4738,1,1
4739,1,1
4740,1,1
4741,1,1
4742,1,1
4743,1,1
4744,1,1
4745,2,2
4746,1,1
4747,2,2
4748,2,2
4749,2,2
4750,1,1
4751,2,2
4752,1,1
4753,4,2
4754,1,1
4755,1,1
4756,1,1
4757,1,1
4758,1,1
4759,1,1
4760,1,1
4761,1,1
4762,3,2
4763,1,1
4764,1,1
4765,1,1
4766,3,2
4767,1,1
4768,1,1
4769,1,1
4770,1,1
4771,1,1
4772,1,1
4773,1,1
4774,5,5
4775,2,1
4776,1,1
4777,1,1
4778,1,1
4779,4,3
4780,1,1
4781,1,1
4782,1,1
4783,1,1
4784,1,1
4785,1,1
4786,1,1
4787,2,1
4788,1,1
4789,1,1
4790,1,1
4791,3,2
4792,1,1
4793,1,1
4794,1,1
4795,2,1
4796,1,1
4797,1,1
4798,1,1
4799,4,3
4800,1,1
4801,1,1
4802,1,1
4803,1,1
4804,1,1
4805,1,1
4806,1,1
4807,1,1
4808,1,1
4809,1,1
4810,1,1
4811,1,1
4812,1,1
4813,1,1
4814,3,3
4815,1,1
4816,1,1
4817,1,1
4818,1,1
4819,1,1
4820,2,2
4821,1,1
4822,1,1
4823,1,1
4824,1,1
4825,1,1
4826,1,1
4827,1,1
4828,1,1
4829,1,1
4830,3,2
4831,3,2
4832,1,1
4833,2,1
4834,1,1
4835,2,1
4836,1,1
4837,1,1
4838,1,1
4839,1,1
4840,1,1
4841,2,1
4842,1,1
4843,1,1
4844,2,1
4845,1,1
4846,1,1
4847,3,2
4848,4,3
4849,2,2
4850,1,1
4851,2,2
4852,3,3
4853,2,2
4854,1,1
4855,2,1
4856,1,1
4857,1,1
4858,1,1
4859,1,1
4860,1,1
4861,1,1
4862,1,1
4863,1,1
4864,2,1
4865,1,1
4866,2,2
4867,1,1
4868,1,1
4869,1,1
4870,1,1
4871,3,3
4872,2,2
4873,2,1
4874,1,1
4875,1,1
4876,1,1
4877,1,1
4878,1,1
4879,1,1
4880,2,1
4881,1,1
4882,1,1
4883,3,2
4884,1,1
4885,1,1
4886,1,1
4887,1,1
4888,1,1
4889,1,1
4890,1,1
4891,1,1
4892,1,1
4893,1,1
4894,1,1
4895,1,1
4896,2,1
4897,3,2
4898,4,2
4899,2,2
4900,2,1
4901,1,1
4902,3,2
4903,1,1
4904,1,1
4905,1,1
4906,2,2
4907,4,2
4908,1,1
4909,1,1
4910,3,2
4911,1,1
4912,6,3
4913,1,1
4914,1,1
4915,1,1
4916,3,3
4917,2,2
4918,2,1
4919,1,1
4920,2,2
4921,2,2
4922,2,2
4923,1,1
4924,1,1
4925,3,3
4926,1,1
4927,2,2
4928,1,1
4929,2,2
4930,1,1
4931,1,1
4932,1,1
4933,1,1
4934,1,1
4935,1,1
4936,4,3
4937,1,1
4938,1,1
4939,3,3
4940,1,1
4941,1,1
4942,1,1
4943,1,1
4944,1,1
4945,1,1
4946,1,1
4947,1,1
4948,1,1
4949,1,1
4950,1,1
4951,1,1
4952,2,2
4953,1,1
4954,5,3
4955,1,1
4956,1,1
4957,1,1
4958,1,1
4959,1,1
4960,1,1
4961,1,1
4962,1,1
4963,2,1
4964,1,1
4965,1,1
4966,1,1
4967,1,1
4968,3,3
4969,1,1
4970,1,1
4971,2,2
4972,1,1
4973,1,1
4974,1,1
4975,1,1
4976,1,1
4977,1,1
4978,1,1
4979,1,1
4980,1,1
4981,3,2
4982,1,1
4983,1,1
4984,1,1
4985,1,1
4986,1,1
4987,3,2
4988,2,2
4989,1,1
4990,1,1
4991,1,1
4992,1,1
4993,1,1
4994,1,1
4995,1,1
4996,1,1
4997,1,1
4998,1,1
4999,1,1
5000,1,1
5001,2,2
5002,2,1
5003,1,1
5004,2,2
5005,1,1
5006,1,1
5007,1,1
5008,1,1
5009,1,1
5010,1,1
5011,1,1
5012,1,1
5013,2,2
5014,1,1
5015,2,2
5016,2,2
5017,4,3
5018,1,1
5019,1,1
5020,1,1
5021,1,1
5022,1,1
5023,1,1
5024,1,1
5025,1,1
5026,1,1
5027,1,1
5028,1,1
5029,1,1
5030,1,1
5031,2,2
5032,1,1
5033,1,1
5034,1,1
5035,2,2
5036,4,2
5037,1,1
5038,1,1
5039,1,1
5040,1,1
5041,1,1
5042,1,1
5043,1,1
5044,1,1
5045,1,1
5046,1,1
5047,1,1
5048,2,2
5049,6,5
5050,1,1
5051,1,1
5052,1,1
5053,1,1
5054,1,1
5055,1,1
5056,1,1
5057,5,3
5058,1,1
5059,1,1
5060,1,1
5061,1,1
5062,1,1
5063,1,1
5064,3,2
5065,1,1
5066,1,1
5067,1,1
5068,1,1
5069,1,1
5070,1,1
5071,1,1
5072,2,2
5073,3,2
5074,1,1
5075,1,1
5076,4,3
5077,2,2
5078,1,1
5079,1,1
5080,1,1
5081,1,1
5082,2,2
5083,1,1
5084,1,1
5085,1,1
5086,1,1
5087,1,1
5088,1,1
5089,1,1
5090,1,1
5091,1,1
5092,1,1
5093,1,1
5094,1,1
5095,1,1
5096,1,1
5097,1,1
5098,2,2
5099,2,1
5100,1,1
5101,2,2
5102,1,1
5103,1,1
5104,1,1
5105,2,2
5106,1,1
5107,1,1
5108,1,1
5109,1,1
5110,1,1
5111,1,1
5112,2,1
5113,1,1
5114,4,3
5115,1,1
5116,2,1
5117,1,1
5118,3,2
5119,1,1
5120,1,1
5121,1,1
5122,1,1
5123,1,1
5124,1,1
5125,1,1
5126,1,1
5127,1,1
5128,1,1
5129,1,1
5130,1,1
5131,1,1
5132,3,2
5133,3,2
5134,1,1
5135,1,1
5136,1,1
5137,1,1
5138,3,3
5139,1,1
5140,1,1
5141,2,1
5142,1,1
5143,1,1
5144,1,1
5145,1,1
5146,1,1
5147,2,2
5148,1,1
5149,1,1
5150,1,1
5151,1,1
5152,1,1
5153,7,4
5154,2,1
5155,1,1
5156,1,1
5157,1,1
5158,2,2
5159,1,1
5160,1,1
5161,1,1
5162,1,1
5163,2,2
5164,2,2
5165,1,1
5166,1,1
5167,1,1
5168,1,1
5169,1,1
5170,1,1
5171,2,2
5172,1,1
5173,1,1
5174,1,1
5175,1,1
5176,1,1
5177,2,2
5178,2,2
5179,4,4
5180,1,1
5181,1,1
5182,1,1
5183,1,1
5184,1,1
5185,1,1
5186,1,1
5187,1,1
5188,1,1
5189,1,1
5190,1,1
5191,1,1
5192,1,1
5193,1,1
5194,1,1
5195,2,1
5196,2,1
5197,1,1
5198,1,1
5199,1,1
5200,1,1
5201,1,1
5202,1,1
5203,1,1
5204,2,2
5205,4,3
5206,1,1
5207,1,1
5208,1,1
5209,1,1
5210,1,1
5211,1,1
5212,1,1
5213,1,1
5214,1,1
5215,1,1
5216,1,1
5217,1,1
5218,1,1
5219,1,1
5220,1,1
5221,1,1
5222,1,1
5223,1,1
5224,1,1
5225,1,1
5226,1,1
5227,1,1
5228,1,1
5229,1,1
5230,1,1
5231,2,1
5232,7,4
5233,1,1
5234,1,1
5235,1,1
5236,1,1
5237,1,1
5238,2,2
5239,1,1
5240,1,1
5241,1,1
5242,1,1
5243,1,1
5244,2,2
5245,1,1
5246,1,1
5247,1,1
5248,1,1
5249,2,2
5250,2,2
5251,1,1
5252,1,1
5253,1,1
5254,2,1
5255,1,1
5256,2,2
5257,2,1
5258,1,1
5259,2,1
5260,1,1
5261,2,1
5262,1,1
5263,1,1
5264,1,1
5265,1,1
5266,1,1
5267,1,1
5268,1,1
5269,1,1
5270,1,1
5271,1,1
5272,1,1
5273,2,2
5274,2,1
5275,2,1
5276,2,2
5277,1,1
5278,1,1
5279,1,1
5280,1,1
5281,1,1
5282,1,1
5283,1,1
5284,2,1
5285,1,1
5286,1,1
5287,1,1
5288,1,1
5289,1,1
5290,4,3
5291,1,1
5292,1,1
5293,2,2
5294,1,1
5295,1,1
5296,1,1
5297,1,1
5298,1,1
5299,1,1
5300,1,1
5301,1,1
5302,2,2
5303,1,1
5304,2,1
5305,1,1
5306,2,2
5307,1,1
5308,1,1
5309,1,1
5310,1,1
5311,1,1
5312,1,1
5313,1,1
5314,1,1
5315,1,1
5316,1,1
5317,1,1
5318,1,1
5319,2,2
5320,1,1
5321,1,1
5322,1,1
5323,2,2
5324,1,1
5325,1,1
5326,1,1
5327,1,1
5328,1,1
5329,1,1
5330,1,1
5331,1,1
5332,1,1
5333,2,2
5334,2,1
5335,1,1
5336,1,1
5337,1,1
5338,1,1
5339,2,2
5340,4,3
5341,1,1
5342,1,1
5343,1,1
5344,1,1
5345,2,1
5346,1,1
5347,3,2
5348,5,3
5349,7,4
5350,1,1
5351,1,1
5352,2,1
5353,1,1
5354,1,1
5355,2,1
5356,1,1
5357,1,1
5358,2,2
5359,3,2
5360,1,1
5361,1,1
5362,1,1
5363,2,2
5364,1,1
5365,1,1
5366,1,1
5367,1,1
5368,1,1
5369,1,1
5370,2,2
5371,1,1
5372,1,1
5373,1,1
5374,1,1
5375,1,1
5376,1,1
5377,1,1
5378,1,1
5379,1,1
5380,1,1
5381,4,2
5382,1,1
5383,1,1
5384,1,1
5385,1,1
5386,2,2
5387,2,1
5388,2,2
5389,1,1
5390,1,1
5391,1,1
5392,1,1
5393,1,1
5394,2,2
5395,6,3
5396,1,1
5397,1,1
5398,1,1
5399,1,1
5400,1,1
5401,1,1
5402,1,1
5403,1,1
5404,1,1
5405,3,3
5406,1,1
5407,1,1
5408,1,1
5409,1,1
5410,1,1
5411,1,1
5412,1,1
5413,1,1
5414,1,1
5415,1,1
5416,1,1
5417,1,1
5418,1,1
5419,1,1
5420,1,1
5421,1,1
5422,1,1
5423,2,2
5424,1,1
5425,1,1
5426,3,3
5427,1,1
5428,1,1
5429,1,1
5430,1,1
5431,1,1
5432,1,1
5433,1,1
5434,1,1
5435,1,1
5436,1,1
5437,3,2
5438,1,1
5439,1,1
5440,1,1
5441,1,1
5442,1,1
5443,1,1
5444,1,1
5445,1,1
5446,2,1
5447,3,2
5448,1,1
5449,2,2
5450,1,1
5451,1,1
5452,2,1
5453,1,1
5454,1,1
5455,1,1
5456,1,1
5457,1,1
5458,1,1
5459,1,1
5460,1,1
5461,1,1
5462,1,1
5463,1,1
5464,2,1
5465,1,1
5466,1,1
5467,1,1
5468,1,1
5469,2,2
5470,1,1
5471,1,1
5472,1,1
5473,1,1
5474,1,1
5475,1,1
5476,1,1
5477,1,1
5478,1,1
5479,2,2
5480,3,2
5481,1,1
5482,1,1
5483,1,1
5484,2,1
5485,6,4
5486,1,1
5487,2,2
5488,1,1
5489,1,1
5490,1,1
5491,1,1
5492,1,1
5493,4,4
5494,1,1
5495,1,1
5496,1,1
5497,1,1
5498,1,1
5499,1,1
5500,1,1
5501,1,1
5502,1,1
5503,1,1
5504,1,1
5505,1,1
5506,1,1
5507,1,1
5508,1,1
5509,3,2
5510,3,2
5511,2,2
5512,1,1
5513,3,2
5514,1,1
5515,1,1
5516,1,1
5517,1,1
5518,1,1
5519,1,1
5520,2,2
5521,1,1
5522,1,1
5523,1,1
5524,1,1
5525,1,1
5526,1,1
5527,2,2
5528,1,1
5529,1,1
5530,1,1
5531,1,1
5532,1,1
5533,1,1
5534,1,1
5535,4,4
5536,1,1
5537,1,1
5538,1,1
5539,1,1
5540,1,1
5541,1,1
5542,1,1
5543,1,1
5544,1,1
5545,4,3
5546,2,1
5547,1,1
5548,2,2
5549,2,2
5550,1,1
5551,1,1
5552,2,2
5553,1,1
5554,1,1
5555,4,2
5556,2,2
5557,1,1
5558,1,1
5559,2,1
5560,2,2
5561,1,1
5562,3,2
5563,1,1
5564,1,1
5565,2,2
5566,1,1
5567,1,1
5568,1,1
5569,1,1
5570,1,1
5571,3,3
5572,3,1
5573,1,1
5574,1,1
5575,4,2
5576,1,1
5577,1,1
5578,1,1
5579,1,1
5580,1,1
5581,1,1
5582,1,1
5583,1,1
5584,1,1
5585,1,1
5586,2,2
5587,2,2
5588,1,1
5589,2,2
5590,1,1
5591,1,1
5592,1,1
5593,1,1
5594,1,1
5595,1,1
5596,1,1
5597,1,1
5598,1,1
5599,1,1
5600,2,2
5601,1,1
5602,1,1
5603,2,2
5604,1,1
5605,1,1
5606,1,1
5607,1,1
5608,1,1
5609,1,1
5610,2,2
5611,1,1
5612,1,1
5613,1,1
5614,1,1
5615,2,1
5616,1,1
5617,1,1
5618,1,1
5619,1,1
5620,4,2
5621,1,1
5622,2,2
5623,1,1
5624,2,1
5625,1,1
5626,1,1
5627,1,1
5628,1,1
5629,1,1
5630,1,1
5631,3,3
5632,2,2
5633,1,1
5634,2,2
5635,2,2
5636,1,1
5637,1,1
5638,1,1
5639,2,2
5640,1,1
5641,3,3
5642,2,1
5643,3,3
5644,1,1
5645,1,1
5646,1,1
5647,2,2
5648,1,1
5649,2,2
5650,1,1
5651,1,1
5652,1,1
5653,1,1
5654,1,1
5655,1,1
5656,1,1
5657,1,1
5658,1,1
5659,1,1
5660,1,1
5661,1,1
5662,1,1
5663,1,1
5664,1,1
5665,1,1
5666,1,1
5667,1,1
5668,2,2
5669,1,1
5670,1,1
5671,1,1
5672,1,1
5673,1,1
5674,1,1
5675,1,1
5676,1,1
5677,1,1
5678,1,1
5679,1,1
5680,1,1
5681,1,1
5682,2,2
5683,1,1
5684,1,1
5685,1,1
5686,1,1
5687,1,1
5688,1,1
5689,1,1
5690,1,1
5691,1,1
5692,4,2
5693,2,2
5694,1,1
5695,1,1
5696,1,1
5697,1,1
5698,1,1
5699,1,1
5700,1,1
5701,1,1
5702,1,1
5703,1,1
5704,2,2
5705,1,1
5706,1,1
5707,1,1
5708,1,1
5709,1,1
5710,2,2
5711,5,3
5712,1,1
5713,1,1
5714,1,1
5715,1,1
5716,1,1
5717,1,1
5718,1,1
5719,1,1
5720,1,1
5721,1,1
5722,1,1
5723,1,1
5724,1,1
5725,1,1
5726,2,1
5727,1,1
5728,2,1
5729,1,1
5730,1,1
5731,1,1
5732,1,1
5733,1,1
5734,2,2
5735,1,1
5736,2,2
5737,2,2
5738,1,1
5739,2,1
5740,2,1
5741,3,2
5742,1,1
5743,1,1
5744,1,1
5745,1,1
5746,1,1
5747,1,1
5748,1,1
5749,1,1
5750,3,3
5751,1,1
5752,1,1
5753,2,1
5754,2,1
5755,1,1
5756,1,1
5757,1,1
5758,1,1
5759,1,1
5760,2,1
5761,1,1
5762,2,2
5763,1,1
5764,1,1
5765,1,1
5766,1,1
5767,1,1
5768,1,1
5769,1,1
5770,1,1
5771,1,1
5772,1,1
5773,1,1
5774,4,3
5775,1,1
5776,1,1
5777,1,1
5778,1,1
5779,1,1
5780,2,2
5781,2,1
5782,1,1
5783,1,1
5784,1,1
5785,1,1
5786,3,3
5787,1,1
5788,2,1
5789,2,1
5790,1,1
5791,1,1
5792,6,4
5793,1,1
5794,1,1
5795,1,1
5796,1,1
5797,2,2
5798,1,1
5799,1,1
5800,1,1
5801,1,1
5802,1,1
5803,1,1
5804,1,1
5805,1,1
5806,1,1
5807,1,1
5808,3,2
5809,2,2
5810,1,1
5811,1,1
5812,3,1
5813,1,1
5814,2,2
5815,2,1
5816,1,1
5817,1,1
5818,2,1
5819,1,1
5820,1,1
5821,1,1
5822,3,3
5823,1,1
5824,1,1
5825,1,1
5826,1,1
5827,1,1
5828,1,1
5829,1,1
5830,2,1
5831,1,1
5832,1,1
5833,1,1
5834,1,1
5835,1,1
5836,1,1
5837,8,6
5838,1,1
5839,1,1
5840,2,2
5841,2,2
5842,1,1
5843,1,1
5844,1,1
5845,1,1
5846,1,1
5847,1,1
5848,1,1
5849,1,1
5850,1,1
5851,1,1
5852,1,1
5853,1,1
5854,1,1
5855,2,2
5856,1,1
5857,1,1
5858,1,1
5859,1,1
5860,1,1
5861,1,1
5862,6,4
5863,2,2
5864,1,1
5865,3,2
5866,2,1
5867,1,1
5868,1,1
5869,1,1
5870,1,1
5871,1,1
5872,1,1
5873,1,1
5874,1,1
5875,1,1
5876,1,1
5877,1,1
5878,1,1
5879,1,1
5880,1,1
5881,1,1
5882,1,1
5883,1,1
5884,1,1
5885,1,1
5886,1,1
5887,1,1
5888,4,3
5889,2,1
5890,1,1
5891,1,1
5892,2,1
5893,1,1
5894,1,1
5895,1,1
5896,1,1
5897,1,1
5898,1,1
5899,1,1
5900,1,1
5901,1,1
5902,1,1
5903,1,1
5904,1,1
5905,2,2
5906,1,1
5907,1,1
5908,1,1
5909,2,1
5910,1,1
5911,1,1
5912,1,1
5913,1,1
5914,1,1
5915,1,1
5916,1,1
5917,3,2
5918,1,1
5919,1,1
5920,8,6
5921,1,1
5922,1,1
5923,1,1
5924,1,1
5925,2,1
5926,1,1
5927,1,1
5928,1,1
5929,1,1
5930,1,1
5931,1,1
5932,1,1
5933,2,2
5934,2,2
5935,1,1
5936,1,1
5937,1,1
5938,1,1
5939,1,1
5940,4,4
5941,2,2
5942,1,1
5943,2,2
5944,1,1
5945,1,1
5946,1,1
5947,1,1
5948,1,1
5949,1,1
5950,1,1
5951,1,1
5952,1,1
5953,1,1
5954,1,1
5955,1,1
5956,1,1
5957,1,1
5958,1,1
5959,1,1
5960,1,1
5961,3,2
5962,1,1
5963,2,1
5964,1,1
5965,1,1
5966,2,2
5967,1,1
5968,2,2
5969,1,1
5970,1,1
5971,1,1
5972,1,1
5973,1,1
5974,1,1
5975,1,1
5976,1,1
5977,1,1
5978,1,1
5979,1,1
5980,1,1
5981,1,1
5982,2,2
5983,1,1
5984,1,1
5985,1,1
5986,1,1
5987,2,1
5988,3,2
5989,1,1
5990,1,1
5991,1,1
5992,1,1
5993,1,1
5994,1,1
5995,1,1
5996,1,1
5997,3,2
5998,1,1
5999,2,2
6000,1,1
6001,1,1
6002,1,1
6003,2,2
6004,1,1
6005,1,1
6006,2,1
6007,1,1
6008,4,2
6009,2,1
6010,1,1
6011,1,1
6012,1,1
6013,1,1
6014,3,3
6015,1,1
6016,1,1
6017,1,1
6018,2,2
6019,1,1
6020,1,1
6021,1,1
6022,1,1
6023,1,1
6024,1,1
6025,1,1
6026,1,1
6027,1,1
6028,1,1
6029,1,1
6030,2,1
6031,1,1
6032,1,1
6033,1,1
6034,1,1
6035,1,1
6036,1,1
6037,3,3
6038,1,1
6039,1,1
6040,1,1
6041,1,1
6042,1,1
6043,1,1
6044,1,1
6045,1,1
6046,3,1
6047,3,2
6048,1,1
6049,1,1
6050,1,1
6051,1,1
6052,1,1
6053,4,2
6054,1,1
6055,1,1
6056,1,1
6057,1,1
6058,1,1
6059,1,1
6060,1,1
6061,1,1
6062,1,1
6063,1,1
6064,3,2
6065,1,1
6066,2,2
6067,2,2
6068,1,1
6069,1,1
6070,1,1
6071,1,1
6072,1,1
6073,2,2
6074,1,1
6075,2,1
6076,1,1
6077,1,1
6078,1,1
6079,1,1
6080,1,1
6081,1,1
6082,2,2
6083,1,1
6084,2,1
6085,2,1
6086,1,1
6087,1,1
6088,1,1
6089,1,1
6090,1,1
6091,1,1
6092,5,3
6093,1,1
6094,2,1
6095,4,3
6096,1,1
6097,2,2
6098,2,1
6099,1,1
6100,1,1
6101,1,1
6102,1,1
6103,1,1
6104,1,1
6105,1,1
6106,1,1
6107,1,1
6108,2,2
6109,2,1
6110,4,2
6111,1,1
6112,1,1
6113,1,1
6114,1,1
6115,1,1
6116,1,1
6117,1,1
6118,4,3
6119,1,1
6120,1,1
6121,4,3
6122,1,1
6123,1,1
6124,1,1
6125,1,1
6126,1,1
6127,1,1
6128,1,1
6129,1,1
6130,1,1
6131,1,1
6132,1,1
6133,1,1
6134,1,1
6135,2,2
6136,2,2
6137,1,1
6138,1,1
6139,2,2
6140,1,1
6141,1,1
6142,2,1
6143,1,1
6144,1,1
6145,1,1
6146,1,1
6147,1,1
6148,1,1
6149,1,1
6150,1,1
6151,2,1
6152,3,2
6153,1,1
6154,1,1
6155,1,1
6156,2,1
6157,2,1
6158,1,1
6159,1,1
6160,1,1
6161,1,1
6162,1,1
6163,2,2
6164,1,1
6165,1,1
6166,1,1
6167,1,1
6168,1,1
6169,1,1
6170,1,1
6171,1,1
6172,1,1
6173,4,3
6174,1,1
6175,2,1
6176,2,1
6177,1,1
6178,1,1
6179,1,1
6180,1,1
6181,1,1
6182,1,1
6183,1,1
6184,1,1
6185,1,1
6186,1,1
6187,1,1
6188,1,1
6189,1,1
6190,2,2
6191,1,1
6192,1,1
6193,1,1
6194,2,2
6195,1,1
6196,1,1
6197,1,1
6198,1,1
6199,1,1
6200,2,2
6201,1,1
6202,1,1
6203,3,3
6204,1,1
6205,1,1
6206,1,1
6207,1,1
6208,1,1
6209,1,1
6210,1,1
6211,2,2
6212,1,1
6213,1,1
6214,1,1
6215,1,1
6216,1,1
6217,1,1
6218,1,1
6219,1,1
6220,2,2
6221,1,1
6222,1,1
6223,2,1
6224,1,1
6225,1,1
6226,1,1
6227,1,1
6228,1,1
6229,1,1
6230,2,1
6231,1,1
6232,1,1
6233,1,1
6234,1,1
6235,1,1
6236,1,1
6237,1,1
6238,2,2
6239,1,1
6240,3,2
6241,1,1
6242,1,1
6243,1,1
6244,1,1
6245,1,1
6246,4,4
6247,1,1
6248,1,1
6249,1,1
6250,1,1
6251,1,1
6252,1,1
6253,1,1
6254,6,3
6255,4,3
6256,1,1
6257,1,1
6258,1,1
6259,6,5
6260,1,1
6261,1,1
6262,1,1
6263,2,2
6264,1,1
6265,1,1
6266,1,1
6267,1,1
6268,1,1
6269,1,1
6270,1,1
6271,1,1
6272,1,1
6273,1,1
6274,1,1
6275,1,1
6276,1,1
6277,2,1
6278,1,1
6279,1,1
6280,2,2
6281,1,1
6282,2,1
6283,1,1
6284,1,1
6285,1,1
6286,1,1
6287,1,1
6288,1,1
6289,1,1
6290,1,1
6291,1,1
6292,1,1
6293,1,1
6294,1,1
6295,3,2
6296,1,1
6297,1,1
6298,1,1
6299,1,1
6300,1,1
6301,3,2
6302,1,1
6303,2,2
6304,1,1
6305,1,1
6306,2,2
6307,4,3
6308,1,1
6309,1,1
6310,1,1
6311,1,1
6312,1,1
6313,1,1
6314,1,1
6315,1,1
6316,1,1
6317,1,1
6318,2,2
6319,1,1
6320,1,1
6321,1,1
6322,1,1
6323,1,1
6324,1,1
6325,2,1
6326,1,1
6327,1,1
6328,1,1
6329,1,1
6330,1,1
6331,1,1
6332,3,2
6333,1,1
6334,2,2
6335,3,2
6336,1,1
6337,2,1
6338,3,2
6339,1,1
6340,1,1
6341,1,1
6342,1,1
6343,1,1
6344,1,1
6345,1,1
6346,1,1
6347,1,1
6348,1,1
6349,1,1
6350,1,1
6351,1,1
6352,1,1
6353,1,1
6354,1,1
6355,1,1
6356,1,1
6357,1,1
6358,1,1
6359,1,1
6360,1,1
6361,2,1
6362,1,1
6363,1,1
6364,1,1
6365,1,1
6366,1,1
6367,1,1
6368,1,1
6369,1,1
6370,1,1
6371,1,1
6372,3,2
6373,1,1
6374,1,1
6375,1,1
6376,2,2
6377,1,1
6378,1,1
6379,1,1
6380,2,2
6381,1,1
6382,1,1
6383,1,1
6384,2,1
6385,1,1
6386,1,1
6387,2,1
6388,1,1
6389,1,1
6390,1,1
6391,1,1
6392,1,1
6393,3,2
6394,1,1
6395,1,1
6396,1,1
6397,1,1
6398,2,2
6399,1,1
6400,1,1
6401,1,1
6402,1,1
6403,2,1
6404,1,1
6405,1,1
6406,1,1
6407,1,1
6408,1,1
6409,3,3
6410,2,2
6411,1,1
6412,1,1
6413,1,1
6414,5,3
6415,1,1
6416,1,1
6417,1,1
6418,1,1
6419,1,1
6420,1,1
6421,1,1
6422,2,1
6423,1,1
6424,2,1
6425,1,1
6426,2,2
6427,1,1
6428,1,1
6429,1,1
6430,1,1
6431,1,1
6432,1,1
6433,1,1
6434,1,1
6435,1,1
6436,1,1
6437,1,1
6438,1,1
6439,1,1
6440,1,1
6441,1,1
6442,1,1
6443,1,1
6444,1,1
6445,1,1
6446,1,1
6447,1,1
6448,1,1
6449,1,1
6450,2,1
6451,1,1
6452,1,1
6453,1,1
6454,2,1
6455,1,1
6456,1,1
6457,2,2
6458,1,1
6459,1,1
6460,1,1
6461,1,1
6462,1,1
6463,1,1
6464,3,3
6465,1,1
6466,1,1
6467,1,1
6468,1,1
6469,2,2
6470,1,1
6471,2,2
6472,1,1
6473,1,1
6474,2,2
6475,1,1
6476,1,1
6477,1,1
6478,1,1
6479,1,1
6480,1,1
6481,1,1
6482,1,1
6483,2,2
6484,3,2
6485,2,2
6486,1,1
6487,1,1
6488,2,2
6489,2,2
6490,1,1
6491,5,3
6492,1,1
6493,1,1
6494,3,3
6495,2,2
6496,1,1
6497,2,1
6498,1,1
6499,1,1
6500,1,1
6501,1,1
6502,1,1
6503,1,1
6504,2,2
6505,1,1
6506,2,2
6507,1,1
6508,1,1
6509,2,1
6510,1,1
6511,2,2
6512,1,1
6513,1,1
6514,1,1
6515,1,1
6516,1,1
6517,1,1
6518,1,1
6519,2,2
6520,1,1
6521,1,1
6522,1,1
6523,1,1
6524,1,1
6525,1,1
6526,1,1
6527,1,1
6528,1,1
6529,1,1
6530,2,1
6531,1,1
6532,2,2
6533,1,1
6534,1,1
6535,1,1
6536,2,2
6537,1,1
6538,1,1
6539,1,1
6540,2,1
6541,1,1
6542,1,1
6543,1,1
6544,1,1
6545,1,1
6546,1,1
6547,1,1
6548,1,1
6549,1,1
6550,1,1
6551,1,1
6552,1,1
6553,1,1
6554,1,1
6555,1,1
6556,3,3
6557,1,1
6558,1,1
6559,1,1
6560,1,1
6561,2,1
6562,1,1
6563,1,1
6564,1,1
6565,1,1
6566,1,1
6567,1,1
6568,1,1
6569,1,1
6570,2,1
6571,1,1
6572,1,1
6573,2,2
6574,1,1
6575,1,1
6576,2,2
6577,2,2
6578,1,1
6579,1,1
6580,2,2
6581,1,1
6582,1,1
6583,1,1
6584,1,1
6585,1,1
6586,1,1
6587,1,1
6588,1,1
6589,1,1
6590,1,1
6591,1,1
6592,1,1
6593,2,2
6594,1,1
6595,1,1
6596,1,1
6597,1,1
6598,2,1
6599,3,3
6600,1,1
6601,2,2
6602,1,1
6603,1,1
6604,1,1
6605,1,1
6606,1,1
6607,1,1
6608,1,1
6609,1,1
6610,1,1
6611,1,1
6612,1,1
6613,1,1
6614,1,1
6615,2,1
6616,1,1
6617,1,1
6618,1,1
6619,1,1
6620,1,1
6621,4,3
6622,1,1
6623,1,1
6624,1,1
6625,1,1
6626,1,1
6627,3,3
6628,1,1
6629,1,1
6630,1,1
6631,2,2
6632,1,1
6633,1,1
6634,1,1
6635,4,2
6636,1,1
6637,1,1
6638,1,1
6639,2,1
6640,1,1
6641,1,1
6642,1,1
6643,1,1
6644,1,1
6645,1,1
6646,1,1
6647,1,1
6648,1,1
6649,8,4
6650,1,1
6651,1,1
6652,2,2
6653,1,1
6654,1,1
6655,1,1
6656,2,2
6657,1,1
6658,1,1
6659,1,1
6660,1,1
6661,1,1
6662,1,1
6663,1,1
6664,1,1
6665,1,1
6666,1,1
6667,1,1
6668,1,1
6669,1,1
6670,2,2
6671,1,1
6672,1,1
6673,1,1
6674,1,1
6675,4,2
6676,1,1
6677,1,1
6678,1,1
6679,1,1
6680,3,3
6681,2,1
6682,2,1
6683,1,1
6684,1,1
6685,1,1
6686,1,1
6687,3,2
6688,1,1
6689,1,1
6690,2,2
6691,1,1
6692,1,1
6693,1,1
6694,2,2
6695,1,1
6696,1,1
6697,1,1
6698,2,1
6699,1,1
6700,1,1
6701,1,1
6702,2,2
6703,1,1
6704,1,1
6705,1,1
6706,3,3
6707,1,1
6708,1,1
6709,2,2
6710,1,1
6711,1,1
6712,1,1
6713,1,1
6714,2,2
6715,3,2
6716,1,1
6717,1,1
6718,2,2
6719,1,1
6720,1,1
6721,1,1
6722,1,1
6723,1,1
6724,2,1
6725,1,1
6726,2,2
6727,1,1
6728,1,1
6729,1,1
6730,2,1
6731,1,1
6732,1,1
6733,5,4
6734,1,1
6735,1,1
6736,1,1
6737,1,1
6738,1,1
6739,1,1
6740,2,2
6741,2,2
6742,1,1
6743,1,1
6744,1,1
6745,1,1
6746,1,1
6747,1,1
6748,1,1
6749,1,1
6750,1,1
6751,1,1
6752,1,1
6753,1,1
6754,1,1
6755,1,1
6756,1,1
6757,1,1
6758,1,1
6759,1,1
6760,2,1
6761,3,1
6762,1,1
6763,2,1
6764,1,1
6765,1,1
6766,1,1
6767,1,1
6768,1,1
6769,1,1
6770,1,1
6771,3,2
6772,1,1
6773,1,1
6774,2,2
6775,1,1
6776,6,3
6777,1,1
6778,1,1
6779,1,1
6780,5,3
6781,1,1
6782,1,1
6783,1,1
6784,2,2
6785,2,2
6786,5,4
6787,1,1
6788,1,1
6789,1,1
6790,6,3
6791,1,1
6792,1,1
6793,1,1
6794,1,1
6795,3,2
6796,1,1
6797,1,1
6798,1,1
6799,2,2
6800,1,1
6801,1,1
6802,7,5
6803,3,2
6804,1,1
6805,11,11
6806,1,1
6807,1,1
6808,1,1
6809,1,1
6810,1,1
6811,1,1
6812,1,1
6813,1,1
6814,1,1
6815,1,1
6816,1,1
6817,2,2
6818,1,1
6819,1,1
6820,1,1
6821,1,1
6822,1,1
6823,1,1
6824,1,1
6825,1,1
6826,1,1
6827,1,1
6828,1,1
6829,1,1
6830,2,1
6831,1,1
6832,1,1
6833,1,1
6834,1,1
6835,1,1
6836,1,1
6837,1,1
6838,1,1
6839,1,1
6840,4,2
6841,1,1
6842,3,2
6843,2,1
6844,1,1
6845,2,1
6846,2,2
6847,1,1
6848,1,1
6849,1,1
6850,3,1
6851,1,1
6852,4,3
6853,1,1
6854,1,1
6855,1,1
6856,1,1
6857,1,1
6858,1,1
6859,1,1
6860,1,1
6861,1,1
6862,1,1
6863,1,1
6864,1,1
6865,1,1
6866,1,1
6867,2,2
6868,1,1
6869,1,1
6870,1,1
6871,1,1
6872,1,1
6873,1,1
6874,2,2
6875,2,2
6876,1,1
6877,3,2
6878,1,1
6879,1,1
6880,1,1
6881,1,1
6882,1,1
6883,1,1
6884,1,1
6885,2,1
6886,2,2
6887,1,1
6888,1,1
6889,1,1
6890,1,1
6891,1,1
6892,1,1
6893,1,1
6894,1,1
6895,4,3
6896,1,1
6897,1,1
6898,2,2
6899,1,1
6900,1,1
6901,2,1
6902,1,1
6903,4,2
6904,1,1
6905,1,1
6906,1,1
6907,1,1
6908,1,1
6909,1,1
6910,1,1
6911,1,1
6912,1,1
6913,1,1
6914,1,1
6915,1,1
6916,7,4
6917,1,1
6918,3,2
6919,1,1
6920,1,1
6921,2,2
6922,1,1
6923,5,3
6924,1,1
6925,1,1
6926,1,1
6927,2,1
6928,1,1
6929,2,1
6930,1,1
6931,1,1
6932,1,1
6933,1,1
6934,2,2
6935,1,1
6936,2,2
6937,1,1
6938,1,1
6939,1,1
6940,1,1
6941,2,2
6942,1,1
6943,1,1
6944,1,1
6945,1,1
6946,1,1
6947,1,1
6948,1,1
6949,1,1
6950,1,1
6951,1,1
6952,1,1
6953,1,1
6954,1,1
6955,1,1
6956,1,1
6957,1,1
6958,3,2
6959,2,1
6960,1,1
6961,1,1
6962,1,1
6963,1,1
6964,1,1
6965,1,1
6966,1,1
6967,1,1
6968,1,1
6969,1,1
6970,1,1
6971,3,2
6972,2,1
6973,5,3
6974,1,1
6975,1,1
6976,1,1
6977,1,1
6978,1,1
6979,1,1
6980,3,2
6981,1,1
6982,1,1
6983,1,1
6984,2,1
6985,2,1
6986,1,1
6987,1,1
6988,1,1
6989,1,1
6990,4,3
6991,1,1
6992,1,1
6993,1,1
6994,1,1
6995,1,1
6996,1,1
6997,1,1
6998,1,1
6999,1,1
7000,1,1
7001,1,1
7002,1,1
7003,1,1
7004,1,1
7005,1,1
7006,2,2
7007,1,1
7008,1,1
7009,1,1
7010,1,1
7011,1,1
7012,1,1
7013,1,1
7014,2,1
7015,1,1
7016,3,2
7017,1,1
7018,1,1
7019,1,1
7020,1,1
7021,1,1
7022,1,1
7023,1,1
7024,1,1
7025,1,1
7026,1,1
7027,1,1
7028,2,2
7029,1,1
7030,1,1
7031,1,1
7032,1,1
7033,2,1
7034,1,1
7035,1,1
7036,1,1
7037,1,1
7038,2,1
7039,1,1
7040,2,2
7041,1,1
7042,1,1
7043,1,1
7044,1,1
7045,2,2
7046,2,1
7047,8,3
7048,1,1
7049,1,1
7050,1,1
7051,1,1
7052,1,1
7053,1,1
7054,2,2
7055,1,1
7056,1,1
7057,1,1
7058,1,1
7059,1,1
7060,2,2
7061,1,1
7062,1,1
7063,2,2
7064,2,2
7065,1,1
7066,1,1
7067,1,1
7068,1,1
7069,2,1
7070,1,1
7071,2,1
7072,3,2
7073,2,1
7074,1,1
7075,1,1
7076,1,1
7077,1,1
7078,1,1
7079,1,1
7080,2,1
7081,1,1
7082,3,2
7083,1,1
7084,1,1
7085,2,2
7086,1,1
7087,2,1
7088,1,1
7089,1,1
7090,1,1
7091,1,1
7092,2,2
7093,2,2
7094,2,2
7095,3,1
7096,1,1
7097,1,1
7098,1,1
7099,3,3
7100,2,2
7101,1,1
7102,1,1
7103,2,2
7104,1,1
7105,1,1
7106,1,1
7107,1,1
7108,1,1
7109,1,1
7110,1,1
7111,1,1
7112,1,1
7113,2,2
7114,3,2
7115,1,1
7116,1,1
7117,1,1
7118,1,1
7119,1,1
7120,1,1
7121,1,1
7122,1,1
7123,1,1
7124,1,1
7125,1,1
7126,1,1
7127,2,1
7128,1,1
7129,1,1
7130,3,1
7131,1,1
7132,1,1
7133,1,1
7134,1,1
7135,1,1
7136,1,1
7137,1,1
7138,1,1
7139,1,1
7140,2,2
7141,1,1
7142,2,1
7143,1,1
7144,1,1
7145,2,1
7146,1,1
7147,1,1
7148,1,1
7149,1,1
7150,1,1
7151,1,1
7152,1,1
7153,1,1
7154,5,2
7155,1,1
7156,1,1
7157,2,2
7158,1,1
7159,1,1
7160,1,1
7161,1,1
7162,1,1
7163,1,1
7164,1,1
7165,1,1
7166,1,1
7167,1,1
7168,3,3
7169,1,1
7170,1,1
7171,1,1
7172,1,1
7173,1,1
7174,1,1
7175,2,1
7176,1,1
7177,3,3
7178,1,1
7179,1,1
7180,1,1
7181,1,1
7182,1,1
7183,1,1
7184,1,1
7185,2,2
7186,1,1
7187,1,1
7188,1,1
7189,3,2
7190,1,1
7191,1,1
7192,1,1
7193,1,1
7194,1,1
7195,1,1
7196,1,1
7197,3,2
7198,1,1
7199,1,1
7200,2,1
7201,1,1
7202,1,1
7203,1,1
7204,2,2
7205,1,1
7206,1,1
7207,1,1
7208,1,1
7209,1,1
7210,2,2
7211,2,2
7212,1,1
7213,1,1
7214,1,1
7215,1,1
7216,2,2
7217,1,1
7218,1,1
7219,2,2
7220,8,4
7221,2,1
7222,1,1
7223,1,1
7224,1,1
7225,2,1
7226,2,2
7227,1,1
7228,1,1
7229,1,1
7230,1,1
7231,1,1
7232,1,1
7233,2,1
7234,3,1
7235,1,1
7236,1,1
7237,2,2
7238,1,1
7239,1,1
7240,2,1
7241,1,1
7242,2,2
7243,1,1
7244,1,1
7245,6,5
7246,1,1
7247,3,3
7248,1,1
7249,1,1
7250,2,1
7251,1,1
7252,1,1
7253,1,1
7254,1,1
7255,1,1
7256,1,1
7257,1,1
7258,1,1
7259,1,1
7260,1,1
7261,1,1
7262,2,2
7263,1,1
7264,1,1
7265,1,1
7266,1,1
7267,3,2
7268,1,1
7269,1,1
7270,1,1
7271,1,1
7272,1,1
7273,2,2
7274,1,1
7275,3,3
7276,1,1
7277,2,2
7278,1,1
7279,1,1
7280,2,1
7281,1,1
7282,1,1
7283,1,1
7284,3,2
7285,2,1
7286,1,1
7287,1,1
7288,3,3
7289,3,2
7290,2,1
7291,1,1
7292,1,1
7293,1,1
7294,1,1
7295,1,1
7296,4,3
7297,1,1
7298,1,1
7299,1,1
7300,2,2
7301,1,1
7302,1,1
7303,1,1
7304,1,1
7305,1,1
7306,1,1
7307,1,1
7308,2,2
7309,2,2
7310,1,1
7311,1,1
7312,4,3
7313,1,1
7314,1,1
7315,1,1
7316,1,1
7317,2,1
7318,1,1
7319,2,1
7320,1,1
7321,1,1
7322,1,1
7323,1,1
7324,1,1
7325,1,1
7326,1,1
7327,1,1
7328,1,1
7329,1,1
7330,1,1
7331,1,1
7332,1,1
7333,1,1
7334,1,1
7335,1,1
7336,2,2
7337,1,1
7338,1,1
7339,1,1
7340,1,1
7341,2,1
7342,1,1
7343,2,1
7344,1,1
7345,2,2
7346,1,1
7347,1,1
7348,2,1
7349,1,1
7350,1,1
7351,1,1
7352,1,1
7353,2,2
7354,1,1
7355,1,1
7356,1,1
7357,1,1
7358,1,1
7359,2,1
7360,1,1
7361,2,1
7362,1,1
7363,1,1
7364,1,1
7365,2,2
7366,1,1
7367,1,1
7368,3,2
7369,1,1
7370,1,1
7371,1,1
7372,2,2
7373,1,1
7374,1,1
7375,1,1
7376,1,1
7377,1,1
7378,4,2
7379,1,1
7380,1,1
7381,1,1
7382,1,1
7383,1,1
7384,1,1
7385,2,2
7386,1,1
7387,2,2
7388,1,1
7389,1,1
7390,2,1
7391,1,1
7392,1,1
7393,1,1
7394,3,2
7395,1,1
7396,1,1
7397,1,1
7398,2,1
7399,1,1
7400,1,1
7401,1,1
7402,1,1
7403,2,1
7404,1,1
7405,1,1
7406,1,1
7407,1,1
7408,1,1
7409,1,1
7410,1,1
7411,1,1
7412,1,1
7413,4,3
7414,1,1
7415,1,1
7416,1,1
7417,1,1
7418,1,1
7419,1,1
7420,1,1
7421,2,2
7422,1,1
7423,1,1
7424,1,1
7425,2,2
7426,1,1
7427,1,1
7428,1,1
7429,1,1
7430,1,1
7431,2,1
7432,2,2
7433,3,1
7434,1,1
7435,1,1
7436,1,1
7437,3,2
7438,1,1
7439,2,1
7440,1,1
7441,1,1
7442,1,1
7443,1,1
7444,1,1
7445,1,1
7446,1,1
7447,1,1
7448,1,1
7449,1,1
7450,2,2
7451,3,3
7452,1,1
7453,1,1
7454,1,1
7455,1,1
7456,1,1
7457,1,1
7458,1,1
7459,1,1
7460,1,1
7461,1,1
7462,1,1
7463,1,1
7464,2,1
7465,1,1
7466,1,1
7467,2,1
7468,1,1
7469,1,1
7470,4,3
7471,1,1
7472,1,1
7473,1,1
7474,1,1
7475,1,1
7476,1,1
7477,1,1
7478,2,2
7479,1,1
7480,1,1
7481,1,1
7482,2,2
7483,1,1
7484,1,1
7485,1,1
7486,1,1
7487,1,1
7488,1,1
7489,1,1
7490,1,1
7491,1,1
7492,1,1
7493,1,1
7494,1,1
7495,1,1
7496,1,1
7497,1,1
7498,1,1
7499,1,1
7500,1,1
7501,1,1
7502,1,1
7503,1,1
7504,1,1
7505,1,1
7506,1,1
7507,1,1
7508,1,1
7509,1,1
7510,1,1
7511,2,2
7512,3,3
7513,1,1
7514,1,1
7515,1,1
7516,1,1
7517,1,1
7518,1,1
7519,1,1
7520,3,2
7521,1,1
7522,1,1
7523,1,1
7524,1,1
7525,1,1
7526,1,1
7527,1,1
7528,1,1
7529,1,1
7530,1,1
7531,1,1
7532,1,1
7533,1,1
7534,1,1
7535,1,1
7536,1,1
7537,1,1
7538,1,1
7539,1,1
7540,1,1
7541,1,1
7542,2,2
7543,1,1
7544,2,1
7545,1,1
7546,1,1
7547,1,1
7548,1,1
7549,1,1
7550,1,1
7551,1,1
7552,1,1
7553,1,1
7554,1,1
7555,1,1
7556,3,2
7557,1,1
7558,1,1
7559,1,1
7560,1,1
7561,1,1
7562,1,1
7563,1,1
7564,1,1
7565,2,1
7566,1,1
7567,1,1
7568,1,1
7569,1,1
7570,1,1
7571,1,1
7572,2,1
7573,1,1
7574,1,1
7575,1,1
7576,3,2
7577,1,1
7578,1,1
7579,1,1
7580,1,1
7581,1,1
7582,1,1
7583,1,1
7584,2,2
7585,1,1
7586,1,1
7587,1,1
7588,1,1
7589,1,1
7590,1,1
7591,1,1
7592,1,1
7593,1,1
7594,1,1
7595,2,1
7596,1,1
7597,1,1
7598,1,1
7599,1,1
7600,1,1
7601,1,1
7602,1,1
7603,1,1
7604,1,1
7605,1,1
7606,1,1
7607,1,1
7608,1,1
7609,1,1
7610,1,1
7611,1,1
7612,1,1
7613,1,1
7614,1,1
7615,1,1
7616,4,4
7617,2,2
7618,2,2
7619,1,1
7620,1,1
7621,3,3
7622,1,1
7623,1,1
7624,1,1
7625,1,1
7626,1,1
7627,1,1
7628,1,1
7629,3,2
7630,1,1
7631,1,1
7632,1,1
7633,1,1
7634,2,2
7635,1,1
7636,1,1
7637,8,4
7638,1,1
7639,1,1
7640,1,1
7641,1,1
7642,3,2
7643,1,1
7644,1,1
7645,1,1
7646,1,1
7647,1,1
7648,4,2
7649,2,2
7650,1,1
7651,1,1
7652,5,2
7653,1,1
7654,1,1
7655,1,1
7656,1,1
7657,5,3
7658,1,1
7659,1,1
7660,1,1
7661,1,1
7662,1,1
7663,1,1
7664,1,1
7665,1,1
7666,1,1
7667,2,2
7668,1,1
7669,2,2
7670,1,1
7671,1,1
7672,1,1
7673,1,1
7674,1,1
7675,1,1
7676,1,1
7677,2,2
7678,1,1
7679,1,1
7680,1,1
7681,3,3
7682,1,1
7683,1,1
7684,1,1
7685,2,2
7686,1,1
7687,1,1
7688,1,1
7689,1,1
7690,1,1
7691,2,2
7692,3,2
7693,1,1
7694,1,1
7695,1,1
7696,1,1
7697,1,1
7698,1,1
7699,1,1
7700,1,1
7701,1,1
7702,1,1
7703,1,1
7704,2,2
7705,1,1
7706,1,1
7707,1,1
7708,1,1
7709,1,1
7710,1,1
7711,1,1
7712,1,1
7713,1,1
7714,2,2
7715,1,1
7716,1,1
7717,1,1
7718,1,1
7719,1,1
7720,1,1
7721,2,2
7722,2,2
7723,1,1
7724,1,1
7725,1,1
7726,1,1
7727,1,1
7728,1,1
7729,1,1
7730,2,2
7731,1,1
7732,5,2
7733,1,1
7734,1,1
7735,1,1
7736,1,1
7737,1,1
7738,1,1
7739,1,1
7740,1,1
7741,1,1
7742,1,1
7743,1,1
7744,1,1
7745,1,1
7746,1,1
7747,1,1
7748,1,1
7749,1,1
7750,1,1
7751,1,1
7752,1,1
7753,1,1
7754,1,1
7755,2,1
7756,1,1
7757,2,2
7758,2,1
7759,1,1
7760,2,2
7761,1,1
7762,1,1
7763,1,1
7764,1,1
7765,1,1
7766,1,1
7767,3,3
7768,1,1
7769,1,1
7770,1,1
7771,2,1
7772,1,1
7773,1,1
7774,1,1
7775,1,1
7776,1,1
7777,1,1
7778,1,1
7779,1,1
7780,1,1
7781,1,1
7782,1,1
7783,1,1
7784,1,1
7785,2,1
7786,1,1
7787,1,1
7788,1,1
7789,1,1
7790,1,1
7791,1,1
7792,1,1
7793,1,1
7794,2,2
7795,1,1
7796,1,1
7797,1,1
7798,1,1
7799,1,1
7800,1,1
7801,1,1
7802,1,1
7803,1,1
7804,1,1
7805,1,1
7806,1,1
7807,1,1
7808,1,1
7809,1,1
7810,1,1
7811,1,1
7812,1,1
7813,1,1
7814,1,1
7815,2,2
7816,1,1
7817,1,1
7818,1,1
7819,1,1
7820,3,2
7821,1,1
7822,1,1
7823,1,1
7824,1,1
7825,1,1
7826,1,1
7827,1,1
7828,1,1
7829,1,1
7830,1,1
7831,1,1
7832,2,1
7833,1,1
7834,1,1
7835,1,1
7836,1,1
7837,1,1
7838,1,1
7839,1,1
7840,1,1
7841,1,1
7842,1,1
7843,1,1
7844,1,1
7845,1,1
7846,1,1
7847,1,1
7848,1,1
7849,1,1
7850,1,1
7851,2,2
7852,1,1
7853,5,2
7854,1,1
7855,1,1
7856,1,1
7857,1,1
7858,1,1
7859,1,1
7860,1,1
7861,2,2
7862,1,1
7863,1,1
7864,1,1
7865,1,1
7866,1,1
7867,1,1
7868,1,1
7869,1,1
7870,1,1
7871,1,1
7872,2,1
7873,1,1
7874,1,1
7875,1,1
7876,2,2
7877,1,1
7878,1,1
7879,1,1
7880,1,1
7881,1,1
7882,1,1
7883,1,1
7884,1,1
7885,1,1
7886,1,1
7887,1,1
7888,1,1
7889,1,1
7890,1,1
7891,1,1
7892,1,1
7893,1,1
7894,1,1
7895,1,1
7896,1,1
7897,1,1
7898,1,1
7899,1,1
7900,1,1
7901,2,1
7902,1,1
7903,1,1
7904,1,1
7905,1,1
7906,3,2
7907,2,1
7908,1,1
7909,1,1
7910,1,1
7911,1,1
7912,5,2
7913,2,2
7914,1,1
7915,1,1
7916,3,2
7917,2,2
7918,1,1
7919,1,1
7920,4,3
7921,1,1
7922,1,1
7923,1,1
7924,1,1
7925,1,1
7926,1,1
7927,1,1
7928,1,1
7929,1,1
7930,1,1
7931,1,1
7932,2,1
7933,1,1
7934,1,1
7935,1,1
7936,1,1
7937,1,1
7938,1,1
7939,1,1
7940,1,1
7941,1,1
7942,1,1
7943,1,1
7944,1,1
7945,1,1
7946,1,1
7947,1,1
7948,1,1
7949,1,1
7950,1,1
7951,1,1
7952,3,1
7953,1,1
7954,1,1
7955,1,1
7956,1,1
7957,1,1
7958,1,1
7959,1,1
7960,1,1
7961,3,3
7962,1,1
7963,1,1
7964,4,2
7965,2,2
7966,1,1
7967,1,1
7968,1,1
7969,1,1
7970,1,1
7971,3,2
7972,2,2
7973,1,1
7974,1,1
7975,1,1
7976,1,1
7977,1,1
7978,2,2
7979,1,1
7980,2,2
7981,1,1
7982,1,1
7983,2,1
7984,1,1
7985,1,1
7986,1,1
7987,1,1
7988,1,1
7989,1,1
7990,3,2
7991,1,1
7992,3,2
7993,2,1
7994,2,2
7995,1,1
7996,3,2
7997,1,1
7998,1,1
7999,2,2
8000,1,1
8001,1,1
8002,2,1
8003,1,1
8004,2,2
8005,1,1
8006,1,1
8007,1,1
8008,1,1
8009,2,2
8010,9,3
8011,1,1
8012,3,2
8013,1,1
8014,1,1
8015,1,1
8016,1,1
8017,1,1
8018,2,2
8019,1,1
8020,1,1
8021,1,1
8022,1,1
8023,1,1
8024,1,1
8025,1,1
8026,1,1
8027,1,1
8028,1,1
8029,1,1
8030,2,2
8031,1,1
8032,1,1
8033,2,2
8034,1,1
8035,1,1
8036,1,1
8037,1,1
8038,1,1
8039,2,1
8040,1,1
8041,1,1
8042,1,1
8043,1,1
8044,1,1
8045,1,1
8046,1,1
8047,1,1
8048,1,1
8049,1,1
8050,1,1
8051,1,1
8052,1,1
8053,1,1
8054,1,1
8055,1,1
8056,1,1
8057,1,1
8058,3,2
8059,1,1
8060,1,1
8061,1,1
8062,2,1
8063,1,1
8064,1,1
8065,1,1
8066,1,1
8067,7,4
8068,1,1
8069,1,1
8070,1,1
8071,1,1
8072,1,1
8073,1,1
8074,1,1
8075,1,1
8076,7,4
8077,1,1
8078,1,1
8079,1,1
8080,1,1
8081,1,1
8082,1,1
8083,1,1
8084,1,1
8085,1,1
8086,1,1
8087,1,1
8088,1,1
8089,1,1
8090,1,1
8091,1,1
8092,1,1
8093,1,1
8094,1,1
8095,2,1
8096,1,1
8097,2,1
8098,1,1
8099,1,1
8100,1,1
8101,1,1
8102,1,1
8103,1,1
8104,1,1
8105,1,1
8106,2,2
8107,1,1
8108,3,3
8109,1,1
8110,1,1
8111,1,1
8112,1,1
8113,1,1
8114,1,1
8115,2,1
8116,1,1
8117,1,1
8118,1,1
8119,1,1
8120,2,1
8121,2,2
8122,1,1
8123,1,1
8124,1,1
8125,1,1
8126,2,2
8127,2,1
8128,2,2
8129,1,1
8130,1,1
8131,1,1
8132,1,1
8133,1,1
8134,1,1
8135,1,1
8136,2,2
8137,3,2
8138,1,1
8139,1,1
8140,2,2
8141,1,1
8142,1,1
8143,1,1
8144,3,2
8145,1,1
8146,1,1
8147,1,1
8148,1,1
8149,1,1
8150,1,1
8151,1,1
8152,1,1
8153,1,1
8154,1,1
8155,1,1
8156,1,1
8157,1,1
8158,1,1
8159,1,1
8160,1,1
8161,3,2
8162,1,1
8163,1,1
8164,1,1
8165,1,1
8166,1,1
8167,1,1
8168,5,4
8169,1,1
8170,1,1
8171,1,1
8172,2,2
8173,1,1
8174,1,1
8175,1,1
8176,1,1
8177,1,1
8178,2,2
8179,2,1
8180,2,1
8181,1,1
8182,3,2
8183,1,1
8184,3,2
8185,1,1
8186,2,1
8187,1,1
8188,1,1
8189,1,1
8190,1,1
8191,4,3
8192,1,1
8193,1,1
8194,2,2
8195,1,1
8196,1,1
8197,1,1
8198,1,1
8199,2,2
8200,1,1
8201,1,1
8202,1,1
8203,1,1
8204,1,1
8205,2,2
8206,1,1
8207,5,4
8208,1,1
8209,2,2
8210,1,1
8211,1,1
8212,1,1
8213,1,1
8214,1,1
8215,1,1
8216,1,1
8217,1,1
8218,1,1
8219,1,1
8220,1,1
8221,1,1
8222,1,1
8223,3,2
8224,1,1
8225,1,1
8226,1,1
8227,1,1
8228,2,2
8229,1,1
8230,1,1
8231,1,1
8232,1,1
8233,2,2
8234,2,1
8235,2,2
8236,1,1
8237,1,1
8238,1,1
8239,1,1
8240,2,2
8241,2,2
8242,3,2
8243,1,1
8244,1,1
8245,1,1
8246,1,1
8247,1,1
8248,1,1
8249,1,1
8250,1,1
8251,1,1
8252,1,1
8253,2,2
8254,1,1
8255,1,1
8256,1,1
8257,2,2
8258,1,1
8259,1,1
8260,2,2
8261,1,1
8262,1,1
8263,1,1
8264,2,2
8265,3,2
8266,2,2
8267,3,3
8268,1,1
8269,1,1
8270,2,2
8271,1,1
8272,1,1
8273,1,1
8274,1,1
8275,1,1
8276,1,1
8277,2,2
8278,1,1
8279,1,1
8280,1,1
8281,1,1
8282,2,2
8283,1,1
8284,1,1
8285,1,1
8286,1,1
8287,1,1
8288,1,1
8289,1,1
8290,1,1
8291,2,2
8292,1,1
8293,1,1
8294,1,1
8295,3,3
8296,1,1
8297,1,1
8298,1,1
8299,1,1
8300,1,1
8301,2,2
8302,1,1
8303,1,1
8304,1,1
8305,2,1
8306,1,1
8307,1,1
8308,1,1
8309,1,1
8310,1,1
8311,1,1
8312,1,1
8313,1,1
8314,1,1
8315,1,1
8316,1,1
8317,1,1
8318,1,1
8319,1,1
8320,1,1
8321,1,1
8322,1,1
8323,2,2
8324,1,1
8325,3,2
8326,1,1
8327,1,1
8328,2,2
8329,1,1
8330,1,1
8331,1,1
8332,1,1
8333,1,1
8334,1,1
8335,2,2
8336,1,1
8337,1,1
8338,1,1
8339,1,1
8340,1,1
8341,1,1
8342,1,1
8343,1,1
8344,1,1
8345,3,3
8346,1,1
8347,1,1
8348,2,2
8349,1,1
8350,1,1
8351,2,2
8352,4,3
8353,2,2
8354,1,1
8355,1,1
8356,1,1
8357,1,1
8358,1,1
8359,1,1
8360,1,1
8361,1,1
8362,2,2
8363,2,2
8364,1,1
8365,1,1
8366,1,1
8367,1,1
8368,1,1
8369,1,1
8370,2,1
8371,1,1
8372,1,1
8373,1,1
8374,1,1
8375,1,1
8376,1,1
8377,1,1
8378,1,1
8379,1,1
8380,2,2
8381,1,1
8382,1,1
8383,6,2
8384,1,1
8385,1,1
8386,1,1
8387,2,2
8388,1,1
8389,1,1
8390,2,2
8391,1,1
8392,1,1
8393,1,1
8394,1,1
8395,1,1
8396,1,1
8397,3,2
8398,3,2
8399,1,1
8400,3,2
8401,1,1
8402,1,1
8403,1,1
8404,1,1
8405,1,1
8406,2,1
8407,1,1
8408,1,1
8409,2,1
8410,1,1
8411,1,1
8412,1,1
8413,1,1
8414,1,1
8415,1,1
8416,3,2
8417,1,1
8418,1,1
8419,1,1
8420,1,1
8421,2,2
8422,1,1
8423,1,1
8424,1,1
8425,1,1
8426,2,2
8427,1,1
8428,1,1
8429,1,1
8430,3,2
8431,1,1
8432,1,1
8433,1,1
8434,1,1
8435,2,1
8436,1,1
8437,1,1
8438,5,3
8439,1,1
8440,1,1
8441,1,1
8442,1,1
8443,1,1
8444,1,1
8445,1,1
8446,1,1
8447,1,1
8448,2,2
8449,3,1
8450,1,1
8451,1,1
8452,1,1
8453,1,1
8454,1,1
8455,2,2
8456,1,1
8457,1,1
8458,1,1
8459,1,1
8460,2,1
8461,1,1
8462,1,1
8463,1,1
8464,1,1
8465,1,1
8466,1,1
8467,1,1
8468,3,2
8469,2,1
8470,1,1
8471,1,1
8472,1,1
8473,1,1
8474,1,1
8475,1,1
8476,1,1
8477,1,1
8478,1,1
8479,1,1
8480,2,1
8481,4,4
8482,6,4
8483,2,1
8484,1,1
8485,1,1
8486,7,6
8487,2,2
8488,1,1
8489,1,1
8490,1,1
8491,1,1
8492,3,2
8493,1,1
8494,2,1
8495,1,1
8496,1,1
8497,1,1
8498,1,1
8499,1,1
8500,1,1
8501,1,1
8502,2,2
8503,1,1
8504,2,2
8505,1,1
8506,1,1
8507,1,1
8508,1,1
8509,1,1
8510,1,1
8511,1,1
8512,1,1
8513,1,1
8514,1,1
8515,1,1
8516,1,1
8517,4,3
8518,1,1
8519,1,1
8520,1,1
8521,1,1
8522,1,1
8523,1,1
8524,2,2
8525,1,1
8526,1,1
8527,1,1
8528,1,1
8529,1,1
8530,1,1
8531,1,1
8532,1,1
8533,2,1
8534,3,2
8535,1,1
8536,1,1
8537,1,1
8538,1,1
8539,1,1
8540,1,1
8541,1,1
8542,2,1
8543,1,1
8544,4,2
8545,2,2
8546,3,2
8547,1,1
8548,2,2
8549,1,1
8550,1,1
8551,1,1
8552,1,1
8553,1,1
8554,1,1
8555,1,1
8556,2,1
8557,1,1
8558,2,2
8559,1,1
8560,1,1
8561,1,1
8562,1,1
8563,3,3
8564,1,1
8565,1,1
8566,2,1
8567,1,1
8568,1,1
8569,2,2
8570,1,1
8571,1,1
8572,1,1
8573,1,1
8574,2,2
8575,1,1
8576,2,1
8577,1,1
8578,1,1
8579,1,1
8580,1,1
8581,1,1
8582,1,1
8583,1,1
8584,1,1
8585,1,1
8586,1,1
8587,1,1
8588,1,1
8589,1,1
8590,1,1
8591,1,1
8592,1,1
8593,1,1
8594,1,1
8595,1,1
8596,1,1
8597,1,1
8598,1,1
8599,1,1
8600,1,1
8601,1,1
8602,1,1
8603,1,1
8604,1,1
8605,1,1
8606,1,1
8607,1,1
8608,1,1
8609,1,1
8610,1,1
8611,1,1
8612,1,1
8613,1,1
8614,1,1
8615,2,1
8616,1,1
8617,1,1
8618,1,1
8619,1,1
8620,1,1
8621,1,1
8622,1,1
8623,1,1
8624,1,1
8625,1,1
8626,1,1
8627,1,1
8628,1,1
8629,1,1
8630,2,1
8631,1,1
8632,1,1
8633,1,1
8634,1,1
8635,1,1
8636,1,1
8637,1,1
8638,1,1
8639,1,1
8640,1,1
8641,1,1
8642,1,1
8643,1,1
8644,1,1
8645,1,1
8646,1,1
8647,1,1
8648,1,1
8649,1,1
8650,1,1
8651,1,1
8652,1,1
8653,1,1
8654,1,1
8655,1,1
8656,1,1
8657,1,1
8658,1,1
8659,1,1
8660,1,1
8661,1,1
8662,1,1
8663,2,1
8664,1,1
8665,1,1
8666,2,2
8667,1,1
8668,1,1
8669,1,1
8670,1,1
8671,1,1
8672,1,1
8673,1,1
8674,1,1
8675,1,1
8676,2,1
8677,1,1
8678,1,1
8679,3,2
8680,1,1
8681,3,3
8682,1,1
8683,1,1
8684,1,1
8685,1,1
8686,1,1
8687,1,1
8688,2,1
8689,1,1
8690,1,1
8691,1,1
8692,1,1
8693,1,1
8694,5,2
8695,1,1
8696,1,1
8697,1,1
8698,1,1
8699,1,1
8700,6,5
8701,1,1
8702,4,4
8703,2,2
8704,2,1
8705,4,2
8706,3,2
8707,2,2
8708,1,1
8709,1,1
8710,1,1
8711,1,1
8712,1,1
8713,1,1
8714,1,1
8715,1,1
8716,1,1
8717,1,1
8718,1,1
8719,1,1
8720,1,1
8721,1,1
8722,1,1
8723,1,1
8724,1,1
8725,1,1
8726,1,1
8727,1,1
8728,1,1
8729,1,1
8730,1,1
8731,1,1
8732,1,1
8733,1,1
8734,1,1
8735,1,1
8736,1,1
8737,1,1
8738,1,1
8739,1,1
8740,1,1
8741,1,1
8742,1,1
8743,1,1
8744,1,1
8745,1,1
8746,1,1
8747,2,2
8748,1,1
8749,1,1
8750,1,1
8751,1,1
8752,1,1
8753,1,1
8754,1,1
8755,1,1
8756,2,2
8757,1,1
8758,1,1
8759,1,1
8760,1,1
8761,2,1
8762,2,2
8763,1,1
8764,1,1
8765,1,1
8766,1,1
8767,2,2
8768,1,1
8769,3,2
8770,1,1
8771,1,1
8772,3,3
8773,1,1
8774,1,1
8775,3,2
8776,1,1
8777,1,1
8778,3,1
8779,1,1
8780,2,1
8781,1,1
8782,1,1
8783,1,1
8784,1,1
8785,2,1
8786,1,1
8787,1,1
8788,1,1
8789,1,1
8790,1,1
8791,1,1
8792,1,1
8793,1,1
8794,2,2
8795,1,1
8796,1,1
8797,1,1
8798,1,1
8799,2,2
8800,2,2
8801,2,2
8802,2,1
8803,1,1
8804,1,1
8805,1,1
8806,1,1
8807,1,1
8808,1,1
8809,2,2
8810,4,2
8811,1,1
8812,1,1
8813,1,1
8814,1,1
8815,1,1
8816,1,1
8817,1,1
8818,1,1
8819,1,1
8820,2,2
8821,1,1
8822,2,1
8823,1,1
8824,2,2
8825,1,1
8826,2,1
8827,1,1
8828,2,2
8829,1,1
8830,2,1
8831,1,1
8832,1,1
8833,1,1
8834,3,2
8835,1,1
8836,1,1
8837,1,1
8838,1,1
8839,1,1
8840,1,1
8841,1,1
8842,1,1
8843,7,5
8844,1,1
8845,1,1
8846,1,1
8847,2,1
8848,1,1
8849,1,1
8850,1,1
8851,1,1
8852,2,2
8853,1,1
8854,2,2
8855,1,1
8856,3,2
8857,1,1
8858,4,2
8859,1,1
8860,3,2
8861,2,2
8862,1,1
8863,1,1
8864,1,1
8865,1,1
8866,1,1
8867,1,1
8868,1,1
8869,1,1
8870,1,1
8871,1,1
8872,2,2
8873,1,1
8874,2,2
8875,2,2
8876,1,1
8877,1,1
8878,1,1
8879,1,1
8880,1,1
8881,1,1
8882,1,1
8883,1,1
8884,2,1
8885,1,1
8886,1,1
8887,1,1
8888,1,1
8889,1,1
8890,3,2
8891,1,1
8892,1,1
8893,1,1
8894,1,1
8895,1,1
8896,2,2
8897,1,1
8898,1,1
8899,1,1
8900,1,1
8901,1,1
8902,1,1
8903,1,1
8904,1,1
8905,1,1
8906,1,1
8907,1,1
8908,1,1
8909,1,1
8910,1,1
8911,2,2
8912,2,2
8913,1,1
8914,1,1
8915,1,1
8916,1,1
8917,3,2
8918,1,1
8919,1,1
8920,2,2
8921,1,1
8922,1,1
8923,5,3
8924,1,1
8925,5,3
8926,1,1
8927,2,2
8928,1,1
8929,1,1
8930,1,1
8931,1,1
8932,1,1
8933,1,1
8934,1,1
8935,1,1
8936,1,1
8937,1,1
8938,1,1
8939,1,1
8940,2,1
8941,1,1
8942,2,2
8943,1,1
8944,1,1
8945,1,1
8946,1,1
8947,1,1
8948,1,1
8949,1,1
8950,1,1
8951,1,1
8952,1,1
8953,1,1
8954,1,1
8955,1,1
8956,3,2
8957,1,1
8958,1,1
8959,1,1
8960,1,1
8961,1,1
8962,1,1
8963,1,1
8964,1,1
8965,1,1
8966,1,1
8967,1,1
8968,1,1
8969,1,1
8970,6,5
8971,1,1
8972,2,1
8973,1,1
8974,1,1
8975,1,1
8976,1,1
8977,1,1
8978,1,1
8979,1,1
8980,1,1
8981,2,1
8982,2,2
8983,3,2
8984,1,1
8985,1,1
8986,2,2
8987,2,2
8988,1,1
8989,1,1
8990,1,1
8991,1,1
8992,1,1
8993,1,1
8994,1,1
8995,2,1
8996,2,2
8997,1,1
8998,1,1
8999,1,1
9000,1,1
9001,2,2
9002,1,1
9003,1,1
9004,1,1
9005,1,1
9006,3,2
9007,1,1
9008,2,2
9009,1,1
9010,1,1
9011,2,1
9012,3,1
9013,1,1
9014,2,1
9015,5,3
9016,1,1
9017,1,1
9018,1,1
9019,5,3
9020,1,1
9021,1,1
9022,1,1
9023,1,1
9024,1,1
9025,1,1
9026,1,1
9027,1,1
9028,1,1
9029,1,1
9030,1,1
9031,1,1
9032,2,1
9033,1,1
9034,1,1
9035,1,1
9036,1,1
9037,1,1
9038,1,1
9039,1,1
9040,1,1
9041,1,1
9042,2,2
9043,1,1
9044,1,1
9045,1,1
9046,1,1
9047,1,1
9048,1,1
9049,1,1
9050,1,1
9051,1,1
9052,1,1
9053,1,1
9054,2,2
9055,1,1
9056,1,1
9057,1,1
9058,1,1
9059,1,1
9060,1,1
9061,1,1
9062,1,1
9063,1,1
9064,1,1
9065,1,1
9066,1,1
9067,1,1
9068,1,1
9069,2,2
9070,1,1
9071,1,1
9072,1,1
9073,1,1
9074,1,1
9075,1,1
9076,1,1
9077,1,1
9078,1,1
9079,1,1
9080,1,1
9081,2,2
9082,1,1
9083,1,1
9084,1,1
9085,4,4
9086,3,3
9087,1,1
9088,2,2
9089,1,1
9090,1,1
9091,1,1
9092,1,1
9093,1,1
9094,1,1
9095,1,1
9096,1,1
9097,1,1
9098,1,1
9099,1,1
9100,1,1
9101,1,1
9102,1,1
9103,1,1
9104,1,1
9105,1,1
9106,1,1
9107,1,1
9108,1,1
9109,1,1
9110,1,1
9111,2,2
9112,1,1
9113,2,2
9114,1,1
9115,1,1
9116,1,1
9117,1,1
9118,1,1
9119,1,1
9120,1,1
9121,1,1
9122,1,1
9123,1,1
9124,1,1
9125,1,1
9126,1,1
9127,1,1
9128,1,1
9129,1,1
9130,2,1
9131,3,2
9132,1,1
9133,1,1
9134,1,1
9135,1,1
9136,1,1
9137,1,1
9138,3,3
9139,3,2
9140,1,1
9141,4,2
9142,1,1
9143,1,1
9144,1,1
9145,5,2
9146,1,1
9147,2,2
9148,1,1
9149,2,1
9150,1,1
9151,1,1
9152,1,1
9153,1,1
9154,1,1
9155,1,1
9156,3,2
9157,1,1
9158,4,2
9159,1,1
9160,1,1
9161,1,1
9162,1,1
9163,1,1
9164,2,2
9165,1,1
9166,1,1
9167,1,1
9168,1,1
9169,1,1
9170,2,2
9171,1,1
9172,1,1
9173,1,1
9174,1,1
9175,1,1
9176,1,1
9177,1,1
9178,1,1
9179,1,1
9180,1,1
9181,1,1
9182,2,2
9183,1,1
9184,1,1
9185,2,2
9186,1,1
9187,2,1
9188,1,1
9189,1,1
9190,2,2
9191,1,1
9192,1,1
9193,1,1
9194,1,1
9195,3,3
9196,2,1
9197,1,1
9198,1,1
9199,1,1
9200,1,1
9201,1,1
9202,1,1
9203,1,1
9204,2,1
9205,1,1
9206,3,2
9207,1,1
9208,3,3
9209,1,1
9210,1,1
9211,1,1
9212,4,3
9213,1,1
9214,1,1
9215,1,1
9216,1,1
9217,2,1
9218,1,1
9219,1,1
9220,2,1
9221,1,1
9222,1,1
9223,1,1
9224,1,1
9225,1,1
9226,2,1
9227,1,1
9228,1,1
9229,2,1
9230,1,1
9231,2,2
9232,1,1
9233,2,2
9234,1,1
9235,1,1
9236,1,1
9237,1,1
9238,1,1
9239,2,2
9240,1,1
9241,1,1
9242,1,1
9243,1,1
9244,1,1
9245,1,1
9246,2,2
9247,1,1
9248,1,1
9249,1,1
9250,1,1
9251,1,1
9252,1,1
9253,1,1
9254,1,1
9255,1,1
9256,2,2
9257,2,2
9258,1,1
9259,2,2
9260,1,1
9261,3,3
9262,1,1
9263,1,1
9264,1,1
9265,1,1
9266,2,2
9267,2,1
9268,1,1
9269,1,1
9270,1,1
9271,1,1
9272,1,1
9273,1,1
9274,2,2
9275,2,2
9276,1,1
9277,1,1
9278,1,1
9279,1,1
9280,2,2
9281,1,1
9282,1,1
9283,2,2
9284,1,1
9285,2,2
9286,1,1
9287,1,1
9288,1,1
9289,1,1
9290,1,1
9291,2,2
9292,1,1
9293,1,1
9294,1,1
9295,1,1
9296,1,1
9297,1,1
9298,1,1
9299,1,1
9300,1,1
9301,1,1
9302,1,1
9303,1,1
9304,4,3
9305,1,1
9306,1,1
9307,1,1
9308,1,1
9309,1,1
9310,1,1
9311,1,1
9312,1,1
9313,1,1
9314,1,1
9315,1,1
9316,2,1
9317,1,1
9318,1,1
9319,2,1
9320,2,2
9321,1,1
9322,1,1
9323,1,1
9324,1,1
9325,1,1
9326,1,1
9327,1,1
9328,1,1
9329,2,2
9330,3,2
9331,1,1
9332,1,1
9333,4,4
9334,1,1
9335,1,1
9336,1,1
9337,4,3
9338,1,1
9339,1,1
9340,1,1
9341,1,1
9342,1,1
9343,1,1
9344,2,2
9345,1,1
9346,1,1
9347,4,2
9348,1,1
9349,1,1
9350,1,1
9351,1,1
9352,1,1
9353,1,1
9354,1,1
9355,2,1
9356,1,1
9357,1,1
9358,1,1
9359,1,1
9360,1,1
9361,1,1
9362,4,2
9363,1,1
9364,1,1
9365,1,1
9366,1,1
9367,1,1
9368,1,1
9369,1,1
9370,1,1
9371,2,1
9372,3,3
9373,1,1
9374,3,3
9375,1,1
9376,2,2
9377,2,2
9378,1,1
9379,1,1
9380,1,1
9381,1,1
9382,1,1
9383,1,1
9384,1,1
9385,2,2
9386,1,1
9387,1,1
9388,1,1
9389,1,1
9390,1,1
9391,1,1
9392,1,1
9393,1,1
9394,1,1
9395,2,2
9396,3,1
9397,1,1
9398,1,1
9399,1,1
9400,1,1
9401,1,1
9402,1,1
9403,1,1
9404,1,1
9405,1,1
9406,2,2
9407,1,1
9408,1,1
9409,1,1
9410,1,1
9411,1,1
9412,1,1
9413,1,1
9414,3,2
9415,3,2
9416,1,1
9417,1,1
9418,2,2
9419,1,1
9420,1,1
9421,1,1
9422,1,1
9423,1,1
9424,1,1
9425,3,3
9426,1,1
9427,1,1
9428,2,2
9429,1,1
9430,1,1
9431,2,2
9432,1,1
9433,1,1
9434,1,1
9435,1,1
9436,1,1
9437,1,1
9438,1,1
9439,1,1
9440,1,1
9441,1,1
9442,1,1
9443,2,1
9444,2,2
9445,2,2
9446,1,1
9447,2,2
9448,1,1
9449,1,1
9450,1,1
9451,1,1
9452,1,1
9453,1,1
9454,1,1
9455,2,2
9456,1,1
9457,1,1
9458,1,1
9459,1,1
9460,1,1
9461,1,1
9462,1,1
9463,1,1
9464,1,1
9465,1,1
9466,1,1
9467,4,2
9468,1,1
9469,1,1
9470,1,1
9471,1,1
9472,1,1
9473,1,1
9474,1,1
9475,1,1
9476,1,1
9477,1,1
9478,1,1
9479,1,1
9480,1,1
9481,1,1
9482,1,1
9483,1,1
9484,1,1
9485,1,1
9486,1,1
9487,1,1
9488,1,1
9489,1,1
9490,1,1
9491,1,1
9492,1,1
9493,3,2
9494,1,1
9495,1,1
9496,1,1
9497,1,1
9498,2,1
9499,1,1
9500,1,1
9501,1,1
9502,2,2
9503,1,1
9504,1,1
9505,1,1
9506,1,1
9507,3,2
9508,1,1
9509,1,1
9510,1,1
9511,6,3
9512,2,2
9513,1,1
9514,2,1
9515,1,1
9516,1,1
9517,1,1
9518,1,1
9519,3,2
9520,1,1
9521,1,1
9522,1,1
9523,2,2
9524,1,1
9525,1,1
9526,1,1
9527,1,1
9528,1,1
9529,2,2
9530,1,1
9531,1,1
9532,1,1
9533,1,1
9534,2,1
9535,1,1
9536,1,1
9537,1,1
9538,1,1
9539,1,1
9540,1,1
9541,1,1
9542,1,1
9543,1,1
9544,1,1
9545,2,1
9546,1,1
9547,1,1
9548,1,1
9549,1,1
9550,2,2
9551,1,1
9552,1,1
9553,1,1
9554,2,2
9555,1,1
9556,1,1
9557,2,2
9558,1,1
9559,1,1
9560,1,1
9561,1,1
9562,1,1
9563,1,1
9564,1,1
9565,1,1
9566,1,1
9567,1,1
9568,2,1
9569,1,1
9570,2,1
9571,1,1
9572,1,1
9573,1,1
9574,4,2
9575,1,1
9576,1,1
9577,1,1
9578,1,1
9579,1,1
9580,1,1
9581,1,1
9582,1,1
9583,3,1
9584,1,1
9585,3,1
9586,1,1
9587,2,2
9588,2,2
9589,1,1
9590,1,1
9591,1,1
9592,1,1
9593,1,1
9594,4,3
9595,1,1
9596,1,1
9597,1,1
9598,1,1
9599,1,1
9600,1,1
9601,1,1
9602,1,1
9603,1,1
9604,1,1
9605,1,1
9606,1,1
9607,1,1
9608,2,2
9609,2,2
9610,1,1
9611,1,1
9612,1,1
9613,1,1
9614,1,1
9615,1,1
9616,1,1
9617,1,1
9618,1,1
9619,1,1
9620,1,1
9621,1,1
9622,1,1
9623,1,1
9624,1,1
9625,2,2
9626,4,3
9627,1,1
9628,1,1
9629,1,1
9630,2,2
9631,1,1
9632,1,1
9633,2,2
9634,1,1
9635,2,1
9636,3,3
9637,1,1
9638,1,1
9639,1,1
9640,1,1
9641,1,1
9642,1,1
9643,2,1
9644,1,1
9645,1,1
9646,1,1
9647,1,1
9648,1,1
9649,1,1
9650,1,1
9651,1,1
9652,2,1
9653,1,1
9654,2,2
9655,1,1
9656,1,1
9657,1,1
9658,2,1
9659,1,1
9660,1,1
9661,1,1
9662,1,1
9663,1,1
9664,1,1
9665,1,1
9666,1,1
9667,1,1
9668,1,1
9669,1,1
9670,1,1
9671,1,1
9672,1,1
9673,1,1
9674,1,1
9675,1,1
9676,1,1
9677,2,1
9678,1,1
9679,1,1
9680,1,1
9681,1,1
9682,2,2
9683,1,1
9684,1,1
9685,2,1
9686,1,1
9687,1,1
9688,1,1
9689,1,1
9690,1,1
9691,1,1
9692,1,1
9693,1,1
9694,1,1
9695,1,1
9696,1,1
9697,2,2
9698,1,1
9699,1,1
9700,2,2
9701,1,1
9702,2,1
9703,1,1
9704,1,1
9705,1,1
9706,1,1
9707,1,1
9708,1,1
9709,1,1
9710,1,1
9711,1,1
9712,1,1
9713,1,1
9714,1,1
9715,1,1
9716,1,1
9717,1,1
9718,1,1
9719,1,1
9720,1,1
9721,1,1
9722,2,2
9723,1,1
9724,1,1
9725,1,1
9726,1,1
9727,1,1
9728,1,1
9729,1,1
9730,1,1
9731,1,1
9732,1,1
9733,1,1
9734,11,8
9735,1,1
9736,2,2
9737,1,1
9738,1,1
9739,1,1
9740,1,1
9741,1,1
9742,1,1
9743,1,1
9744,2,1
9745,1,1
9746,1,1
9747,1,1
9748,1,1
9749,1,1
9750,1,1
9751,1,1
9752,1,1
9753,1,1
9754,1,1
9755,1,1
9756,2,2
9757,1,1
9758,1,1
9759,2,1
9760,1,1
9761,1,1
9762,1,1
9763,1,1
9764,1,1
9765,2,2
9766,2,1
9767,1,1
9768,1,1
9769,1,1
9770,1,1
9771,2,1
9772,1,1
9773,1,1
9774,1,1
9775,1,1
9776,2,2
9777,1,1
9778,2,1
9779,2,1
9780,1,1
9781,1,1
9782,1,1
9783,1,1
9784,1,1
9785,1,1
9786,5,4
9787,1,1
9788,1,1
9789,1,1
9790,1,1
9791,2,2
9792,1,1
9793,1,1
9794,2,1
9795,1,1
9796,1,1
9797,1,1
9798,1,1
9799,3,2
9800,1,1
9801,1,1
9802,1,1
9803,1,1
9804,1,1
9805,1,1
9806,1,1
9807,1,1
9808,3,3
9809,1,1
9810,1,1
9811,1,1
9812,1,1
9813,1,1
9814,1,1
9815,3,2
9816,3,3
9817,1,1
9818,1,1
9819,1,1
9820,1,1
9821,1,1
9822,1,1
9823,1,1
9824,1,1
9825,1,1
9826,1,1
9827,1,1
9828,2,2
9829,1,1
9830,2,1
9831,1,1
9832,1,1
9833,1,1
9834,1,1
9835,1,1
9836,1,1
9837,1,1
9838,2,1
9839,1,1
9840,1,1
9841,4,2
9842,1,1
9843,2,2
9844,1,1
9845,1,1
9846,1,1
9847,1,1
9848,2,1
9849,1,1
9850,1,1
9851,1,1
9852,1,1
9853,1,1
9854,1,1
9855,1,1
9856,1,1
9857,1,1
9858,1,1
9859,1,1
9860,2,1
9861,1,1
9862,1,1
9863,1,1
9864,1,1
9865,2,2
9866,1,1
9867,1,1
9868,1,1
9869,1,1
9870,1,1
9871,1,1
9872,1,1
9873,1,1
9874,1,1
9875,1,1
9876,1,1
9877,1,1
9878,1,1
9879,1,1
9880,1,1
9881,1,1
9882,1,1
9883,1,1
9884,1,1
9885,1,1
9886,1,1
9887,2,2
9888,1,1
9889,1,1
9890,2,1
9891,3,2
9892,1,1
9893,1,1
9894,2,2
9895,1,1
9896,1,1
9897,1,1
9898,1,1
9899,1,1
9900,2,1
9901,1,1
9902,1,1
9903,1,1
9904,2,2
9905,2,2
9906,1,1
9907,2,1
9908,1,1
9909,2,2
9910,2,1
9911,1,1
9912,1,1
9913,1,1
9914,1,1
9915,1,1
9916,1,1
9917,1,1
9918,1,1
9919,2,2
9920,1,1
9921,2,1
9922,1,1
9923,1,1
9924,2,2
9925,1,1
9926,1,1
9927,3,2
9928,1,1
9929,1,1
9930,1,1
9931,1,1
9932,1,1
9933,1,1
9934,1,1
9935,1,1
9936,1,1
9937,1,1
9938,2,2
9939,1,1
9940,4,3
9941,2,2
9942,1,1
9943,2,1
9944,1,1
9945,1,1
9946,1,1
9947,1,1
9948,1,1
9949,1,1
9950,1,1
9951,1,1
9952,1,1
9953,1,1
9954,1,1
9955,1,1
9956,1,1
9957,1,1
9958,1,1
9959,1,1
9960,1,1
9961,1,1
9962,3,1
9963,1,1
9964,1,1
9965,1,1
9966,1,1
9967,1,1
9968,1,1
9969,1,1
9970,1,1
9971,1,1
9972,1,1
9973,1,1
9974,2,1
9975,1,1
9976,1,1
9977,1,1
9978,1,1
9979,2,2
9980,3,2
9981,1,1
9982,1,1
9983,1,1
9984,1,1
9985,1,1
9986,1,1
9987,1,1
9988,3,2
9989,1,1
9990,1,1
9991,3,3
9992,1,1
9993,1,1
9994,1,1
9995,1,1
9996,1,1
9997,1,1
9998,1,1
9999,1,1
10000,1,1
10001,2,2
10002,1,1
10003,1,1
10004,1,1
10005,3,2
10006,1,1
10007,1,1
10008,1,1
10009,1,1
10010,1,1
10011,1,1
10012,1,1
10013,1,1
10014,1,1
10015,1,1
10016,1,1
10017,1,1
10018,2,1
10019,1,1
10020,2,2
10021,2,1
10022,1,1
10023,1,1
10024,1,1
10025,1,1
10026,1,1
10027,1,1
10028,1,1
10029,1,1
10030,1,1
10031,1,1
10032,1,1
10033,1,1
10034,1,1
10035,1,1
10036,1,1
10037,1,1
10038,1,1
10039,3,2
10040,2,2
10041,1,1
10042,2,1
10043,1,1
10044,4,3
10045,1,1
10046,1,1
10047,1,1
10048,1,1
10049,1,1
10050,2,2
10051,3,2
10052,1,1
10053,2,1
10054,1,1
10055,1,1
10056,2,2
10057,1,1
10058,1,1
10059,1,1
10060,1,1
10061,1,1
10062,1,1
10063,1,1
10064,1,1
10065,2,1
10066,1,1
10067,2,2
10068,1,1
10069,1,1
10070,1,1
10071,1,1
10072,1,1
10073,1,1
10074,1,1
10075,1,1
10076,1,1
10077,1,1
10078,1,1
10079,1,1
10080,1,1
10081,2,2
10082,1,1
10083,2,2
10084,1,1
10085,1,1
10086,1,1
10087,1,1
10088,1,1
10089,1,1
10090,1,1
10091,1,1
10092,1,1
10093,1,1
10094,1,1
10095,1,1
10096,1,1
10097,1,1
10098,3,2
10099,1,1
10100,1,1
10101,1,1
10102,1,1
10103,1,1
10104,1,1
10105,1,1
10106,1,1
10107,1,1
10108,1,1
10109,1,1
10110,1,1
10111,1,1
10112,2,2
10113,1,1
10114,1,1
10115,1,1
10116,1,1
10117,1,1
10118,1,1
10119,1,1
10120,1,1
10121,1,1
10122,1,1
10123,1,1
10124,1,1
10125,1,1
10126,1,1
10127,4,3
10128,1,1
10129,6,4
10130,1,1
10131,1,1
10132,1,1
10133,1,1
10134,1,1
10135,1,1
10136,3,2
10137,1,1
10138,1,1
10139,1,1
10140,3,3
10141,1,1
10142,1,1
10143,1,1
10144,1,1
10145,1,1
10146,1,1
10147,1,1
10148,1,1
10149,1,1
10150,1,1
10151,1,1
10152,1,1
10153,2,1
10154,1,1
10155,1,1
10156,1,1
10157,1,1
10158,1,1
10159,1,1
10160,1,1
10161,1,1
10162,1,1
10163,1,1
10164,1,1
10165,1,1
10166,1,1
10167,3,2
10168,1,1
10169,1,1
10170,3,3
10171,5,3
10172,2,1
10173,2,2
10174,3,2
10175,1,1
10176,1,1
10177,1,1
10178,3,2
10179,1,1
10180,1,1
10181,1,1
10182,1,1
10183,1,1
10184,1,1
10185,1,1
10186,1,1
10187,6,5
10188,1,1
10189,2,2
10190,1,1
10191,2,2
10192,1,1
10193,1,1
10194,1,1
10195,1,1
10196,1,1
10197,1,1
10198,1,1
10199,1,1
10200,1,1
10201,2,2
10202,2,2
10203,1,1
10204,1,1
10205,1,1
10206,2,2
10207,1,1
10208,4,3
10209,1,1
10210,1,1
10211,1,1
10212,2,1
10213,1,1
10214,1,1
10215,1,1
10216,1,1
10217,1,1
10218,1,1
10219,1,1
10220,1,1
10221,1,1
10222,2,2
10223,1,1
10224,1,1
10225,1,1
10226,1,1
10227,2,2
10228,2,2
10229,1,1
10230,2,2
10231,2,1
10232,1,1
10233,3,3
10234,1,1
10235,1,1
10236,1,1
10237,3,1
10238,1,1
10239,1,1
10240,1,1
10241,1,1
10242,1,1
10243,1,1
10244,1,1
10245,2,2
10246,1,1
10247,1,1
10248,1,1
10249,1,1
10250,1,1
10251,1,1
10252,1,1
10253,1,1
10254,1,1
10255,1,1
10256,1,1
10257,1,1
10258,1,1
10259,1,1
10260,1,1
10261,1,1
10262,1,1
10263,1,1
10264,1,1
10265,1,1
10266,3,3
10267,3,3
10268,1,1
10269,1,1
10270,1,1
10271,1,1
10272,1,1
10273,1,1
10274,1,1
10275,1,1
10276,1,1
10277,1,1
10278,1,1
10279,2,2
10280,2,2
10281,2,2
10282,1,1
10283,2,1
10284,1,1
10285,1,1
10286,2,1
10287,1,1
10288,4,2
10289,1,1
10290,1,1
10291,2,2
10292,1,1
10293,1,1
10294,1,1
10295,1,1
10296,1,1
10297,1,1
10298,1,1
10299,1,1
10300,1,1
10301,1,1
10302,1,1
10303,1,1
10304,2,1
10305,3,1
10306,1,1
10307,1,1
10308,1,1
10309,1,1
10310,1,1
10311,1,1
10312,1,1
10313,1,1
10314,1,1
10315,1,1
10316,2,2
10317,1,1
10318,1,1
10319,6,5
10320,1,1
10321,1,1
10322,1,1
10323,1,1
10324,3,2
10325,2,1
10326,1,1
10327,1,1
10328,2,1
10329,1,1
10330,1,1
10331,4,3
10332,1,1
10333,1,1
10334,1,1
10335,3,3
10336,1,1
10337,1,1
10338,3,1
10339,1,1
10340,1,1
10341,1,1
10342,1,1
10343,1,1
10344,1,1
10345,1,1
10346,1,1
10347,1,1
10348,1,1
10349,1,1
10350,1,1
10351,1,1
10352,1,1
10353,1,1
10354,1,1
10355,1,1
10356,1,1
10357,1,1
10358,1,1
10359,1,1
10360,1,1
10361,2,1
10362,2,2
10363,1,1
10364,1,1
10365,1,1
10366,1,1
10367,1,1
10368,1,1
10369,1,1
10370,1,1
10371,1,1
10372,1,1
10373,1,1
10374,1,1
10375,1,1
10376,2,2
10377,1,1
10378,1,1
10379,1,1
10380,1,1
10381,1,1
10382,3,2
10383,2,2
10384,1,1
10385,1,1
10386,1,1
10387,1,1
10388,1,1
10389,1,1
10390,2,2
10391,1,1
10392,2,2
10393,1,1
10394,1,1
10395,1,1
10396,1,1
10397,1,1
10398,1,1
10399,1,1
10400,1,1
10401,1,1
10402,1,1
10403,1,1
10404,1,1
10405,1,1
10406,2,2
10407,1,1
10408,1,1
10409,3,3
10410,1,1
10411,1,1
10412,1,1
10413,1,1
10414,1,1
10415,1,1
10416,1,1
10417,1,1
10418,1,1
10419,1,1
10420,1,1
10421,1,1
10422,1,1
10423,1,1
10424,1,1
10425,1,1
10426,1,1
10427,1,1
10428,7,3
10429,1,1
10430,1,1
10431,1,1
10432,1,1
10433,1,1
10434,1,1
10435,1,1
10436,1,1
10437,1,1
10438,2,1
10439,1,1
10440,1,1
10441,1,1
10442,1,1
10443,1,1
10444,1,1
10445,1,1
10446,1,1
10447,1,1
10448,2,2
10449,1,1
10450,1,1
10451,2,2
10452,2,2
10453,1,1
10454,3,3
10455,1,1
10456,1,1
10457,1,1
10458,1,1
10459,1,1
10460,1,1
10461,1,1
10462,2,2
10463,1,1
10464,2,1
10465,1,1
10466,3,2
10467,1,1
10468,1,1
10469,1,1
10470,2,2
10471,1,1
10472,1,1
10473,1,1
10474,1,1
10475,1,1
10476,1,1
10477,1,1
10478,1,1
10479,1,1
10480,1,1
10481,1,1
10482,1,1
10483,1,1
10484,1,1
10485,1,1
10486,2,1
10487,1,1
10488,3,3
10489,1,1
10490,1,1
10491,1,1
10492,1,1
10493,1,1
10494,1,1
10495,1,1
10496,2,1
10497,1,1
10498,2,1
10499,1,1
10500,2,2
10501,1,1
10502,1,1
10503,1,1
10504,1,1
10505,2,1
10506,1,1
10507,1,1
10508,4,3
10509,2,2
10510,1,1
10511,2,1
10512,1,1
10513,1,1
10514,4,3
10515,1,1
10516,1,1
10517,1,1
10518,2,2
10519,1,1
10520,2,2
10521,1,1
10522,1,1
10523,2,2
10524,1,1
10525,1,1
10526,1,1
10527,1,1
10528,1,1
10529,1,1
10530,1,1
10531,1,1
10532,1,1
10533,1,1
10534,1,1
10535,1,1
10536,2,2
10537,1,1
10538,1,1
10539,1,1
10540,1,1
10541,1,1
10542,1,1
10543,1,1
10544,1,1
10545,1,1
10546,1,1
10547,2,2
10548,2,2
10549,1,1
10550,1,1
10551,1,1
10552,1,1
10553,1,1
10554,2,2
10555,1,1
10556,1,1
10557,1,1
10558,2,1
10559,1,1
10560,1,1
10561,3,3
10562,1,1
10563,1,1
10564,1,1
10565,1,1
10566,1,1
10567,1,1
10568,1,1
10569,1,1
10570,1,1
10571,2,2
10572,1,1
10573,1,1
10574,1,1
10575,1,1
10576,1,1
10577,1,1
10578,1,1
10579,1,1
10580,1,1
10581,1,1
10582,1,1
10583,1,1
10584,2,2
10585,1,1
10586,1,1
10587,2,2
10588,2,1
10589,3,3
10590,1,1
10591,1,1
10592,1,1
10593,1,1
10594,1,1
10595,4,2
10596,1,1
10597,1,1
10598,1,1
10599,1,1
10600,2,1
10601,2,2
10602,1,1
10603,1,1
10604,1,1
10605,5,3
10606,2,1
10607,1,1
10608,1,1
10609,1,1
10610,2,2
10611,1,1
10612,1,1
10613,2,1
10614,1,1
10615,1,1
10616,1,1
10617,1,1
10618,3,2
10619,1,1
10620,1,1
10621,1,1
10622,1,1
10623,1,1
10624,1,1
10625,3,2
10626,1,1
10627,1,1
10628,2,2
10629,1,1
10630,2,1
10631,1,1
10632,1,1
10633,1,1
10634,1,1
10635,1,1
10636,2,2
10637,1,1
10638,1,1
10639,1,1
10640,2,2
10641,1,1
10642,1,1
10643,2,1
10644,1,1
10645,1,1
10646,1,1
10647,1,1
10648,1,1
10649,1,1
10650,1,1
10651,2,1
10652,1,1
10653,2,2
10654,1,1
10655,1,1
10656,1,1
10657,1,1
10658,1,1
10659,2,2
10660,1,1
10661,1,1
10662,1,1
10663,1,1
10664,1,1
10665,1,1
10666,1,1
10667,1,1
10668,1,1
10669,1,1
10670,1,1
10671,1,1
10672,1,1
10673,2,1
10674,1,1
10675,1,1
10676,1,1
10677,1,1
10678,1,1
10679,2,1
10680,2,2
10681,1,1
10682,1,1
10683,1,1
10684,1,1
10685,1,1
10686,1,1
10687,1,1
10688,1,1
10689,2,1
10690,1,1
10691,1,1
10692,1,1
10693,1,1
10694,1,1
10695,1,1
10696,1,1
10697,1,1
10698,1,1
10699,1,1
10700,1,1
10701,1,1
10702,1,1
10703,1,1
10704,1,1
10705,1,1
10706,1,1
10707,1,1
10708,1,1
10709,1,1
10710,1,1
10711,1,1
10712,1,1
10713,1,1
10714,3,2
10715,1,1
10716,1,1
10717,1,1
10718,2,2
10719,1,1
10720,3,2
10721,1,1
10722,2,1
10723,1,1
10724,2,2
10725,3,2
10726,1,1
10727,1,1
10728,1,1
10729,1,1
10730,1,1
10731,1,1
10732,1,1
10733,1,1
10734,1,1
10735,1,1
10736,1,1
10737,2,1
10738,1,1
10739,2,2
10740,1,1
10741,1,1
10742,1,1
10743,1,1
10744,1,1
10745,2,2
10746,9,5
10747,1,1
10748,1,1
10749,4,2
10750,3,2
10751,1,1
10752,1,1
10753,1,1
10754,1,1
10755,1,1
10756,1,1
10757,1,1
10758,2,2
10759,1,1
10760,1,1
10761,1,1
10762,1,1
10763,1,1
10764,1,1
10765,1,1
10766,1,1
10767,1,1
10768,1,1
10769,1,1
10770,4,2
10771,1,1
10772,1,1
10773,1,1
10774,1,1
10775,1,1
10776,1,1
10777,1,1
10778,1,1
10779,2,1
10780,1,1
10781,1,1
10782,1,1
10783,2,2
10784,3,3
10785,1,1
10786,1,1
10787,4,2
10788,1,1
10789,1,1
10790,1,1
10791,1,1
10792,2,1
10793,1,1
10794,1,1
10795,4,4
10796,1,1
10797,1,1
10798,1,1
10799,1,1
10800,1,1
10801,1,1
10802,1,1
10803,1,1
10804,1,1
10805,1,1
10806,1,1
10807,1,1
10808,1,1
10809,1,1
10810,1,1
10811,1,1
10812,4,3
10813,1,1
10814,1,1
10815,1,1
10816,1,1
10817,1,1
10818,1,1
10819,1,1
10820,1,1
10821,1,1
10822,1,1
10823,1,1
10824,1,1
10825,1,1
10826,1,1
10827,1,1
10828,3,2
10829,1,1
10830,1,1
10831,1,1
10832,2,2
10833,1,1
10834,1,1
10835,3,2
10836,1,1
10837,1,1
10838,1,1
10839,2,2
10840,1,1
10841,1,1
10842,1,1
10843,1,1
10844,1,1
10845,1,1
10846,2,2
10847,1,1
10848,1,1
10849,2,1
10850,1,1
10851,1,1
10852,1,1
10853,1,1
10854,1,1
10855,1,1
10856,1,1
10857,1,1
10858,1,1
10859,1,1
10860,1,1
10861,3,3
10862,1,1
10863,1,1
10864,1,1
10865,1,1
10866,1,1
10867,1,1
10868,1,1
10869,3,2
10870,1,1
10871,2,1
10872,4,2
10873,2,2
10874,1,1
10875,1,1
10876,1,1
10877,1,1
10878,1,1
10879,1,1
10880,1,1
10881,1,1
10882,2,1
10883,1,1
10884,1,1
10885,1,1
10886,1,1
10887,1,1
10888,1,1
10889,1,1
10890,1,1
10891,3,2
10892,5,2
10893,1,1
10894,1,1
10895,1,1
10896,1,1
10897,1,1
10898,1,1
10899,1,1
10900,2,1
10901,2,2
10902,2,2
10903,1,1
10904,3,2
10905,1,1
10906,1,1
10907,1,1
10908,1,1
10909,1,1
10910,1,1
10911,1,1
10912,2,2
10913,1,1
10914,1,1
10915,1,1
10916,1,1
10917,1,1
10918,1,1
10919,2,2
10920,1,1
10921,1,1
10922,1,1
10923,1,1
10924,1,1
10925,1,1
10926,1,1
10927,1,1
10928,1,1
10929,1,1
10930,1,1
10931,1,1
10932,1,1
10933,2,2
10934,1,1
10935,1,1
10936,1,1
10937,1,1
10938,1,1
10939,1,1
10940,2,2
10941,1,1
10942,1,1
10943,1,1
10944,2,1
10945,1,1
10946,1,1
10947,1,1
10948,2,2
10949,1,1
10950,1,1
10951,3,2
10952,2,1
10953,1,1
10954,3,3
10955,2,2
10956,1,1
10957,2,2
10958,1,1
10959,2,1
10960,1,1
10961,1,1
10962,1,1
10963,1,1
10964,1,1
10965,1,1
10966,12,8
10967,1,1
10968,1,1
10969,6,3
10970,1,1
10971,20,10
10972,2,1
10973,1,1
10974,1,1
10975,3,2
10976,1,1
10977,1,1
10978,1,1
10979,1,1
10980,1,1
10981,1,1
10982,1,1
10983,1,1
10984,3,2
10985,2,2
10986,1,1
10987,1,1
10988,1,1
10989,1,1
10990,2,1
10991,1,1
10992,2,1
10993,1,1
10994,1,1
10995,1,1
10996,1,1
10997,1,1
10998,3,2
10999,1,1
11000,1,1
11001,2,1
11002,1,1
11003,1,1
11004,1,1
11005,1,1
11006,1,1
11007,1,1
11008,1,1
11009,1,1
11010,1,1
11011,455,83
11012,1,1
11013,2,1
11014,1,1
11015,1,1
11016,1,1
11017,1,1
11018,1,1
11019,1,1
11020,1,1
11021,1,1
11022,1,1
11023,1,1
11024,1,1
11025,1,1
11026,1,1
11027,1,1
11028,1,1
11029,1,1
11030,4,3
11031,1,1
11032,2,2
11033,1,1
11034,1,1
11035,2,2
11036,1,1
11037,1,1
11038,1,1
11039,1,1
11040,1,1
11041,1,1
11042,1,1
11043,1,1
11044,1,1
11045,1,1
11046,1,1
11047,1,1
11048,1,1
11049,1,1
11050,1,1
11051,1,1
11052,1,1
11053,1,1
11054,1,1
11055,1,1
11056,1,1
11057,1,1
11058,2,2
11059,1,1
11060,1,1
11061,1,1
11062,1,1
11063,1,1
11064,1,1
11065,3,2
11066,2,2
11067,5,4
11068,1,1
11069,1,1
11070,1,1
11071,2,2
11072,2,2
11073,1,1
11074,1,1
11075,3,2
11076,2,1
11077,1,1
11078,2,1
11079,1,1
11080,1,1
11081,1,1
11082,2,2
11083,1,1
11084,1,1
11085,2,2
11086,3,2
11087,1,1
11088,1,1
11089,1,1
11090,1,1
11091,1,1
11092,1,1
11093,1,1
11094,1,1
11095,1,1
11096,1,1
11097,1,1
11098,1,1
11099,2,2
11100,1,1
11101,1,1
11102,1,1
11103,1,1
11104,4,3
11105,4,3
11106,1,1
11107,1,1
11108,3,1
11109,1,1
11110,1,1
11111,1,1
11112,2,2
11113,1,1
11114,2,2
11115,5,3
11116,1,1
11117,1,1
11118,1,1
11119,1,1
11120,1,1
11121,2,1
11122,5,3
11123,1,1
11124,1,1
11125,1,1
11126,1,1
11127,1,1
11128,1,1
11129,1,1
11130,1,1
11131,1,1
11132,1,1
11133,2,2
11134,3,1
11135,2,1
11136,2,2
11137,1,1
11138,1,1
11139,2,1
11140,1,1
11141,1,1
11142,1,1
11143,1,1
11144,1,1
11145,1,1
11146,1,1
11147,1,1
11148,1,1
11149,1,1
11150,3,2
11151,1,1
11152,1,1
11153,2,1
11154,2,2
11155,1,1
11156,2,1
11157,3,2
11158,1,1
11159,1,1
11160,1,1
11161,3,3
11162,3,2
11163,1,1
11164,2,2
11165,1,1
11166,1,1
11167,2,2
11168,2,2
11169,4,2
11170,3,3
11171,1,1
11172,1,1
11173,2,1
11174,1,1
11175,1,1
11176,6,3
11177,4,2
11178,1,1
11179,1,1
11180,3,3
11181,1,1
11182,1,1
11183,6,4
11184,1,1
11185,2,1
11186,3,2
11187,3,3
11188,1,1
11189,1,1
11190,1,1
11191,1,1
11192,1,1
11193,1,1
11194,3,3
11195,1,1
11196,2,2
11197,2,2
11198,1,1
11199,2,2
11200,1,1
11201,2,2
11202,1,1
11203,3,3
11204,1,1
11205,1,1
11206,6,3
11207,1,1
11208,1,1
11209,2,2
11210,1,1
11211,1,1
11212,1,1
11213,1,1
11214,4,2
11215,2,1
11216,1,1
11217,1,1
11218,1,1
11219,1,1
11220,1,1
11221,1,1
11222,1,1
11223,1,1
11224,1,1
11225,1,1
11226,1,1
11227,1,1
11228,2,1
11229,1,1
11230,1,1
11231,1,1
11232,1,1
11233,1,1
11234,1,1
11235,1,1
11236,2,1
11237,1,1
11238,1,1
11239,1,1
11240,1,1
11241,7,4
11242,1,1
11243,1,1
11244,1,1
11245,2,1
11246,1,1
11247,3,2
11248,1,1
11249,3,3
11250,1,1
11251,2,2
11252,1,1
11253,1,1
11254,1,1
11255,1,1
11256,1,1
11257,3,3
11258,1,1
11259,1,1
11260,1,1
11261,1,1
11262,1,1
11263,1,1
11264,1,1
11265,1,1
11266,1,1
11267,1,1
11268,1,1
11269,1,1
11270,1,1
11271,1,1
11272,1,1
11273,1,1
11274,1,1
11275,1,1
11276,1,1
11277,1,1
11278,1,1
11279,1,1
11280,1,1
11281,1,1
11282,1,1
11283,3,2
11284,1,1
11285,2,2
11286,1,1
11287,1,1
11288,2,2
11289,1,1
11290,1,1
11291,1,1
11292,2,2
11293,1,1
11294,2,2
11295,2,1
11296,1,1
11297,2,2
11298,1,1
11299,1,1
11300,1,1
11301,2,2
11302,2,1
11303,1,1
11304,2,2
11305,1,1
11306,1,1
11307,1,1
11308,1,1
11309,1,1
11310,1,1
11311,1,1
11312,1,1
11313,1,1
11314,1,1
11315,1,1
11316,2,1
11317,1,1
11318,1,1
11319,1,1
11320,2,1
11321,1,1
11322,1,1
11323,2,2
11324,8,6
11325,5,3
11326,1,1
11327,2,2
11328,2,2
11329,1,1
11330,1,1
11331,3,3
11332,1,1
11333,1,1
11334,2,1
11335,1,1
11336,1,1
11337,1,1
11338,1,1
11339,2,1
11340,6,5
11341,1,1
11342,1,1
11343,1,1
11344,1,1
11345,1,1
11346,1,1
11347,2,2
11348,1,1
11349,1,1
11350,1,1
11351,2,2
11352,1,1
11353,1,1
11354,1,1
11355,1,1
11356,1,1
11357,2,1
11358,5,3
11359,1,1
11360,1,1
11361,2,2
11362,1,1
11363,2,1
11364,1,1
11365,4,2
11366,1,1
11367,1,1
11368,1,1
11369,1,1
11370,1,1
11371,1,1
11372,1,1
11373,1,1
11374,1,1
11375,1,1
11376,1,1
11377,1,1
11378,1,1
11379,1,1
11380,1,1
11381,4,2
11382,1,1
11383,1,1
11384,1,1
11385,1,1
11386,1,1
11387,4,1
11388,2,2
11389,1,1
11390,1,1
11391,1,1
11392,1,1
11393,1,1
11394,1,1
11395,1,1
11396,1,1
11397,1,1
11398,2,2
11399,1,1
11400,1,1
11401,1,1
11402,1,1
11403,3,3
11404,1,1
11405,1,1
11406,1,1
11407,1,1
11408,1,1
11409,1,1
11410,1,1
11411,1,1
11412,1,1
11413,2,2
11414,1,1
11415,1,1
11416,1,1
11417,3,2
11418,1,1
11419,2,1
11420,1,1
11421,1,1
11422,1,1
11423,2,2
11424,2,1
11425,2,2
11426,4,3
11427,1,1
11428,1,1
11429,1,1
11430,1,1
11431,1,1
11432,2,2
11433,1,1
11434,5,2
11435,1,1
11436,2,2
11437,7,5
11438,1,1
11439,1,1
11440,1,1
11441,1,1
11442,1,1
11443,1,1
11444,2,2
11445,1,1
11446,3,2
11447,1,1
11448,1,1
11449,2,2
11450,2,2
11451,1,1
11452,2,1
11453,1,1
11454,5,5
11455,3,2
11456,1,1
11457,1,1
11458,1,1
11459,1,1
11460,1,1
11461,1,1
11462,1,1
11463,1,1
11464,1,1
11465,1,1
11466,1,1
11467,1,1
11468,1,1
11469,2,2
11470,1,1
11471,1,1
11472,1,1
11473,1,1
11474,2,2
11475,1,1
11476,7,4
11477,1,1
11478,1,1
11479,1,1
11480,1,1
11481,1,1
11482,1,1
11483,1,1
11484,3,2
11485,1,1
11486,4,3
11487,1,1
11488,1,1
11489,1,1
11490,1,1
11491,1,1
11492,1,1
11493,1,1
11494,1,1
11495,5,2
11496,1,1
11497,6,4
11498,1,1
11499,1,1
11500,2,2
11501,1,1
11502,1,1
11503,2,2
11504,1,1
11505,1,1
11506,1,1
11507,2,2
11508,1,1
11509,1,1
11510,1,1
11511,1,1
11512,1,1
11513,1,1
11514,1,1
11515,1,1
11516,2,2
11517,1,1
11518,1,1
11519,1,1
11520,1,1
11521,1,1
11522,1,1
11523,16,9
11524,1,1
11525,1,1
11526,2,2
11527,1,1
11528,4,3
11529,1,1
11530,1,1
11531,1,1
11532,2,2
11533,1,1
11534,4,4
11535,3,2
11536,2,2
11537,1,1
11538,4,2
11539,1,1
11540,1,1
11541,1,1
11542,1,1
11543,2,1
11544,1,1
11545,1,1
11546,1,1
11547,1,1
11548,1,1
11549,2,2
11550,2,1
11551,1,1
11552,3,2
11553,2,2
11554,1,1
11555,1,1
11556,4,3
11557,1,1
11558,2,2
11559,1,1
11560,1,1
11561,1,1
11562,1,1
11563,1,1
11564,1,1
11565,1,1
11566,1,1
11567,2,2
11568,1,1
11569,1,1
11570,1,1
11571,3,2
11572,1,1
11573,1,1
11574,1,1
11575,2,1
11576,1,1
11577,1,1
11578,1,1
11579,1,1
11580,1,1
11581,1,1
11582,2,2
11583,1,1
11584,2,1
11585,1,1
11586,1,1
11587,1,1
11588,1,1
11589,1,1
11590,1,1
11591,1,1
11592,1,1
11593,1,1
11594,1,1
11595,10,7
11596,2,2
11597,1,1
11598,1,1
11599,1,1
11600,2,2
11601,2,2
11602,4,3
11603,1,1
11604,1,1
11605,1,1
11606,1,1
11607,1,1
11608,1,1
11609,1,1
11610,1,1
11611,1,1
11612,1,1
11613,1,1
11614,3,3
11615,2,1
11616,2,2
11617,1,1
11618,1,1
11619,2,2
11620,1,1
11621,1,1
11622,1,1
11623,1,1
11624,2,1
11625,1,1
11626,1,1
11627,1,1
11628,1,1
11629,2,2
11630,1,1
11631,1,1
11632,2,1
11633,1,1
11634,2,2
11635,1,1
11636,1,1
11637,1,1
11638,4,3
11639,1,1
11640,1,1
11641,1,1
11642,2,2
11643,2,1
11644,1,1
11645,1,1
11646,1,1
11647,1,1
11648,1,1
11649,1,1
11650,1,1
11651,1,1
11652,1,1
11653,1,1
11654,1,1
11655,1,1
11656,1,1
11657,1,1
11658,1,1
11659,2,2
11660,1,1
11661,1,1
11662,1,1
11663,1,1
11664,1,1
11665,1,1
11666,2,1
11667,1,1
11668,1,1
11669,1,1
11670,6,4
11671,2,2
11672,2,2
11673,1,1
11674,1,1
11675,1,1
11676,1,1
11677,2,1
11678,26,10
11679,1,1
11680,1,1
11681,1,1
11682,1,1
11683,1,1
11684,8,4
11685,1,1
11686,1,1
11687,1,1
11688,1,1
11689,1,1
11690,2,2
11691,1,1
11692,1,1
11693,2,1
11694,1,1
11695,1,1
11696,2,2
11697,1,1
11698,1,1
11699,2,2
11700,2,2
11701,2,1
11702,1,1
11703,1,1
11704,1,1
11705,3,2
11706,1,1
11707,2,1
11708,1,1
11709,1,1
11710,1,1
11711,4,3
11712,1,1
11713,1,1
11714,1,1
11715,1,1
11716,1,1
11717,5,3
11718,1,1
11719,1,1
11720,1,1
11721,1,1
11722,1,1
11723,1,1
11724,1,1
11725,1,1
11726,1,1
11727,2,2
11728,1,1
11729,1,1
11730,1,1
11731,2,1
11732,1,1
11733,1,1
11734,1,1
11735,2,2
11736,1,1
11737,8,3
11738,1,1
11739,1,1
11740,1,1
11741,1,1
11742,1,1
11743,3,2
11744,42,25
11745,2,2
11746,1,1
11747,2,2
11748,1,1
11749,1,1
11750,1,1
11751,1,1
11752,1,1
11753,1,1
11754,1,1
11755,1,1
11756,1,1
11757,1,1
11758,1,1
11759,1,1
11760,1,1
11761,2,2
11762,1,1
11763,1,1
11764,1,1
11765,2,2
11766,1,1
11767,1,1
11768,1,1
11769,2,2
11770,1,1
11771,1,1
11772,1,1
11773,1,1
11774,1,1
11775,1,1
11776,1,1
11777,1,1
11778,1,1
11779,1,1
11780,1,1
11781,2,1
11782,1,1
11783,1,1
11784,1,1
11785,2,1
11786,1,1
11787,2,1
11788,2,2
11789,129,47
11790,2,1
11791,1,1
11792,1,1
11793,1,1
11794,1,1
11795,3,2
11796,1,1
11797,1,1
11798,1,1
11799,1,1
11800,1,1
11801,2,2
11802,1,1
11803,2,2
11804,2,1
11805,2,1
11806,1,1
11807,2,1
11808,1,1
11809,1,1
11810,1,1
11811,1,1
11812,3,1
11813,14,9
11814,1,1
11815,1,1
11816,1,1
11817,1,1
11818,1,1
11819,1,1
11820,1,1
11821,1,1
11822,1,1
11823,1,1
11824,1,1
11825,1,1
11826,5,3
11827,2,2
11828,1,1
11829,1,1
11830,1,1
11831,2,2
11832,1,1
11833,1,1
11834,3,3
11835,1,1
11836,1,1
11837,1,1
11838,1,1
11839,3,1
11840,1,1
11841,2,2
11842,2,2
11843,1,1
11844,1,1
11845,1,1
11846,1,1
11847,2,2
11848,1,1
11849,1,1
11850,1,1
11851,1,1
11852,1,1
11853,1,1
11854,1,1
11855,1,1
11856,1,1
11857,1,1
11858,1,1
11859,5,4
11860,3,1
11861,1,1
11862,2,2
11863,2,1
11864,1,1
11865,1,1
11866,2,2
11867,1,1
11868,1,1
11869,1,1
11870,3,2
11871,1,1
11872,1,1
11873,4,2
11874,1,1
11875,1,1
11876,1,1
11877,1,1
11878,2,2
11879,1,1
11880,2,1
11881,1,1
11882,1,1
11883,2,1
11884,1,1
11885,1,1
11886,1,1
11887,1,1
11888,1,1
11889,1,1
11890,1,1
11891,1,1
11892,1,1
11893,1,1
11894,1,1
11895,1,1
11896,2,1
11897,2,1
11898,1,1
11899,1,1
11900,1,1
11901,2,1
11902,1,1
11903,2,2
11904,1,1
11905,1,1
11906,3,2
11907,3,2
11908,1,1
11909,1,1
11910,1,1
11911,2,2
11912,1,1
11913,1,1
11914,1,1
11915,1,1
11916,1,1
11917,1,1
11918,1,1
11919,1,1
11920,6,4
11921,2,1
11922,1,1
11923,1,1
11924,1,1
11925,1,1
11926,1,1
11927,1,1
11928,1,1
11929,3,3
11930,3,3
11931,1,1
11932,6,4
11933,1,1
11934,1,1
11935,1,1
11936,1,1
11937,1,1
11938,3,2
11939,1,1
11940,1,1
11941,1,1
11942,1,1
11943,1,1
11944,1,1
11945,5,4
11946,1,1
11947,1,1
11948,1,1
11949,2,2
11950,11,4
11951,1,1
11952,2,2
11953,1,1
11954,1,1
11955,1,1
11956,1,1
11957,2,2
11958,1,1
11959,3,2
11960,1,1
11961,1,1
11962,1,1
11963,1,1
11964,1,1
11965,1,1
11966,1,1
11967,3,2
11968,1,1
11969,3,2
11970,1,1
11971,1,1
11972,1,1
11973,3,2
11974,1,1
11975,4,2
11976,1,1
11977,2,1
11978,1,1
11979,1,1
11980,1,1
11981,1,1
11982,2,2
11983,3,2
11984,1,1
11985,2,1
11986,1,1
11987,1,1
11988,2,2
11989,1,1
11990,1,1
11991,3,2
11992,4,2
11993,4,3
11994,1,1
11995,1,1
11996,2,2
11997,1,1
11998,1,1
11999,1,1
12000,1,1
12001,2,2
12002,1,1
12003,1,1
12004,1,1
12005,1,1
12006,1,1
12007,2,2
12008,1,1
12009,1,1
12010,1,1
12011,1,1
12012,1,1
12013,1,1
12014,1,1
12015,1,1
12016,1,1
12017,1,1
12018,1,1
12019,1,1
12020,1,1
12021,1,1
12022,1,1
12023,1,1
12024,1,1
12025,2,2
12026,1,1
12027,1,1
12028,1,1
12029,1,1
12030,1,1
12031,1,1
12032,3,2
12033,1,1
12034,3,3
12035,1,1
12036,1,1
12037,1,1
12038,1,1
12039,1,1
12040,3,3
12041,1,1
12042,2,2
12043,1,1
12044,1,1
12045,1,1
12046,1,1
12047,1,1
12048,2,1
12049,1,1
12050,1,1
12051,1,1
12052,2,2
12053,1,1
12054,2,1
12055,1,1
12056,1,1
12057,1,1
12058,3,2
12059,1,1
12060,5,3
12061,1,1
12062,1,1
12063,1,1
12064,1,1
12065,1,1
12066,1,1
12067,1,1
12068,7,3
12069,1,1
12070,1,1
12071,2,1
12072,2,1
12073,2,2
12074,4,4
12075,1,1
12076,1,1
12077,3,3
12078,2,2
12079,2,1
12080,2,2
12081,1,1
12082,4,3
12083,2,1
12084,1,1
12085,2,1
12086,5,3
12087,1,1
12088,1,1
12089,1,1
12090,5,4
12091,2,2
12092,2,2
12093,1,1
12094,1,1
12095,4,3
12096,1,1
12097,1,1
12098,1,1
12099,52,23
12100,3,2
12101,1,1
12102,1,1
12103,1,1
12104,1,1
12105,5,3
12106,1,1
12107,1,1
12108,172,57
12109,1,1
12110,1,1
12111,1,1
12112,1,1
12113,4,3
12114,1,1
12115,1,1
12116,3,3
12117,1,1
12118,1,1
12119,2,1
12120,1,1
12121,1,1
12122,2,2
12123,2,2
12124,4,4
12125,1,1
12126,1,1
12127,1,1
12128,2,2
12129,1,1
12130,1,1
12131,2,2
12132,1,1
12133,5,3
12134,2,2
12135,1,1
12136,1,1
12137,1,1
12138,1,1
12139,1,1
12140,1,1
12141,1,1
12142,2,2
12143,1,1
12144,2,2
12145,2,2
12146,3,3
12147,4,3
12148,1,1
12149,1,1
12150,1,1
12151,1,1
12152,1,1
12153,1,1
12154,1,1
12155,2,2
12156,2,2
12157,4,3
12158,1,1
12159,1,1
12160,1,1
12161,2,1
12162,1,1
12163,1,1
12164,1,1
12165,1,1
12166,2,2
12167,1,1
12168,1,1
12169,1,1
12170,2,2
12171,1,1
12172,2,2
12173,1,1
12174,2,1
12175,5,3
12176,1,1
12177,1,1
12178,1,1
12179,2,2
12180,1,1
12181,2,2
12182,1,1
12183,1,1
12184,1,1
12185,1,1
12186,3,2
12187,1,1
12188,1,1
12189,2,1
12190,1,1
12191,1,1
12192,2,2
12193,1,1
12194,3,2
12195,2,2
12196,4,3
12197,1,1
12198,6,3
12199,1,1
12200,9,7
12201,2,2
12202,2,2
12203,1,1
12204,1,1
12205,1,1
12206,1,1
12207,1,1
12208,154,56
12209,2,1
12210,3,2
12211,1,1
12212,1,1
12213,2,2
12214,344,63
12215,1,1
12216,1,1
12217,2,1
12218,1,1
12219,1,1
12220,2,2
12221,1,1
12222,1,1
12223,1,1
12224,1,1
12225,1,1
12226,1,1
12227,1,1
12228,1,1
12229,1,1
12230,1,1
12231,1,1
12232,1,1
12233,4,3
12234,1,1
12235,1,1
12236,1,1
12237,29,29
12238,2,2
12239,1,1
12240,2,2
12241,1,1
12242,1,1
12243,1,1
12244,2,1
12245,2,2
12246,1,1
12247,8,6
12248,1,1
12249,1,1
12250,1,1
12251,1,1
12252,1,1
12253,3,3
12254,3,2
12255,2,1
12256,2,2
12257,1,1
12258,1,1
12259,1,1
12260,1,1
12261,1,1
12262,6,4
12263,4,3
12264,1,1
12265,1,1
12266,2,1
12267,1,1
12268,1,1
12269,1,1
12270,1,1
12271,1,1
12272,340,68
12273,1,1
12274,1,1
12275,2,1
12276,2,2
12277,1,1
12278,3,2
12279,1,1
12280,1,1
12281,1,1
12282,1,1
12283,1,1
12284,3,2
12285,1,1
12286,2,2
12287,1,1
12288,2,2
12289,1,1
12290,1,1
12291,1,1
12292,1,1
12293,1,1
12294,5,4
12295,2,2
12296,2,2
12297,1,1
12298,1,1
12299,1,1
12300,1,1
12301,3,3
12302,2,1
12303,1,1
12304,1,1
12305,1,1
12306,1,1
12307,3,3
12308,1,1
12309,2,1
12310,1,1
12311,2,1
12312,2,2
12313,1,1
12314,1,1
12315,1,1
12316,1,1
12317,1,1
12318,1,1
12319,1,1
12320,1,1
12321,1,1
12322,1,1
12323,1,1
12324,1,1
12325,1,1
12326,1,1
12327,1,1
12328,1,1
12329,2,1
12330,1,1
12331,1,1
12332,2,1
12333,6,5
12334,1,1
12335,3,2
12336,18,10
12337,1,1
12338,1,1
12339,1,1
12340,2,1
12341,1,1
12342,1,1
12343,1,1
12344,1,1
12345,2,1
12346,1,1
12347,2,1
12348,1,1
12349,1,1
12350,1,1
12351,1,1
12352,1,1
12353,1,1
12354,1,1
12355,2,2
12356,1,1
12357,1,1
12358,5,2
12359,1,1
12360,1,1
12361,9,5
12362,2,2
12363,1,1
12364,1,1
12365,1,1
12366,1,1
12367,4,4
12368,1,1
12369,1,1
12370,1,1
12371,1,1
12372,1,1
12373,1,1
12374,1,1
12375,1,1
12376,1,1
12377,1,1
12378,1,1
12379,1,1
12380,3,2
12381,1,1
12382,1,1
12383,2,2
12384,1,1
12385,2,1
12386,1,1
12387,1,1
12388,1,1
12389,1,1
12390,2,2
12391,1,1
12392,1,1
12393,1,1
12394,1,1
12395,1,1
12396,2,2
12397,7,4
12398,1,1
12399,1,1
12400,1,1
12401,1,1
12402,4,3
12403,1,1
12404,1,1
12405,1,1
12406,1,1
12407,2,1
12408,1,1
12409,1,1
12410,2,2
12411,1,1
12412,78,52
12413,1,1
12414,1,1
12415,3,2
12416,1,1
12417,2,2
12418,1,1
12419,1,1
12420,1,1
12421,3,3
12422,1,1
12423,1,1
12424,1,1
12425,2,2
12426,1,1
12427,1,1
12428,2,1
12429,1,1
12430,1,1
12431,1,1
12432,1,1
12433,2,2
12434,1,1
12435,5,3
12436,1,1
12437,2,2
12438,2,2
12439,1,1
12440,1,1
12441,1,1
12442,1,1
12443,1,1
12444,1,1
12445,1,1
12446,14,10
12447,1,1
12448,4,3
12449,2,1
12450,1,1
12451,1,1
12452,2,2
12453,1,1
12454,1,1
12455,1,1
12456,1,1
12457,1,1
12458,1,1
12459,1,1
12460,1,1
12461,2,2
12462,2,2
12463,6,3
12464,2,2
12465,4,3
12466,1,1
12467,18,12
12468,678,183
12469,2,2
12470,1,1
12471,1,1
12472,2,1
12473,386,75
12474,27,12
12475,2,1
12476,1,1
12477,18,11
12478,1,1
12479,1,1
12480,20,13
12481,1,1
12482,1,1
12483,1,1
12484,1,1
12485,1,1
12486,1,1
12487,1,1
12488,2,2
12489,1,1
12490,2,1
12491,1,1
12492,2,2
12493,1,1
12494,2,1
12495,1,1
12496,1,1
12497,1,1
12498,2,1
12499,2,1
12500,1,1
12501,1,1
12502,1,1
12503,4,2
12504,1,1
12505,2,2
12506,1,1
12507,2,2
12508,1,1
12509,1,1
12510,1,1
12511,1,1
12512,3,3
12513,1,1
12514,1,1
12515,1,1
12516,1,1
12517,1,1
12518,1,1
12519,1,1
12520,2,1
12521,2,2
12522,1,1
12523,2,1
12524,1,1
12525,1,1
12526,1,1
12527,1,1
12528,1,1
12529,1,1
12530,1,1
12531,1,1
12532,2,2
12533,1,1
12534,1,1
12535,2,2
12536,2,1
12537,2,2
12538,1,1
12539,1,1
12540,1,1
12541,1,1
12542,1,1
12543,2,2
12544,1,1
12545,1,1
12546,1,1
12547,1,1
12548,2,1
12549,5,4
12550,1,1
12551,1,1
12552,1,1
12553,1,1
12554,1,1
12555,2,2
12556,1,1
12557,1,1
12558,1,1
12559,4,2
12560,1,1
12561,1,1
12562,1,1
12563,3,2
12564,1,1
12565,1,1
12566,2,1
12567,1,1
12568,1,1
12569,1,1
12570,1,1
12571,1,1
12572,1,1
12573,1,1
12574,1,1
12575,2,2
12576,1,1
12577,1,1
12578,14,8
12579,2,1
12580,1,1
12581,1,1
12582,1,1
12583,1,1
12584,1,1
12585,1,1
12586,2,1
12587,1,1
12588,3,3
12589,1,1
12590,2,1
12591,1,1
12592,1,1
12593,2,2
12594,3,3
12595,1,1
12596,1,1
12597,1,1
12598,1,1
12599,2,1
12600,1,1
12601,1,1
12602,1,1
12603,333,56
12604,1,1
12605,1,1
12606,3,2
12607,5,2
12608,3,3
12609,1,1
12610,2,2
12611,1,1
12612,1,1
12613,3,2
12614,2,2
12615,2,2
12616,2,1
12617,1,1
12618,545,176
12619,1,1
12620,1,1
12621,1,1
12622,3,3
12623,1,1
12624,1,1
12625,1,1
12626,3,3
12627,2,1
12628,1,1
12629,1,1
12630,76,41
12631,1,1
12632,1,1
12633,1,1
12634,7,4
12635,2,2
12636,2,2
12637,2,1
12638,3,3
12639,1,1
12640,1,1
12641,1,1
12642,1,1
12643,2,1
12644,1,1
12645,2,2
12646,1,1
12647,2,2
12648,1,1
12649,1,1
12650,1,1
12651,1,1
12652,1,1
12653,4,1
12654,1,1
12655,3,2
12656,7,4
12657,1,1
12658,12,7
12659,1,1
12660,1,1
12661,2,2
12662,1,1
12663,2,1
12664,49,20
12665,1,1
12666,1,1
12667,1,1
12668,1,1
12669,109,67
12670,1,1
12671,2,2
12672,1,1
12673,1,1
12674,1,1
12675,1,1
12676,1,1
12677,2,1
12678,1,1
12679,1,1
12680,1,1
12681,1,1
12682,1,1
12683,1,1
12684,82,33
12685,1,1
12686,89,36
12687,2,1
12688,48,20
12689,4,3
12690,3,3
12691,1,1
12692,1,1
12693,2,2
12694,1,1
12695,1,1
12696,1,1
12697,1,1
12698,1,1
12699,5,4
12700,1,1
12701,4,4
12702,1,1
12703,10,6
12704,2,2
12705,1,1
12706,1,1
12707,2,2
12708,2,1
12709,2,2
12710,1,1
12711,1,1
12712,5,3
12713,2,1
12714,1,1
12715,2,2
12716,1,1
12717,1,1
12718,1,1
12719,2,2
12720,1,1
12721,1,1
12722,1,1
12723,1,1
12724,1,1
12725,1,1
12726,1,1
12727,1,1
12728,1,1
12729,1,1
12730,4,3
12731,1,1
12732,1,1
12733,1,1
12734,1,1
12735,1,1
12736,3,2
12737,1,1
12738,1,1
12739,3,3
12740,3,2
12741,1,1
12742,1,1
12743,1,1
12744,1,1
12745,1,1
12746,2,2
12747,1,1
12748,1,1
12749,1,1
12750,1,1
12751,1,1
12752,34,20
12753,3,3
12754,1,1
12755,1,1
12756,3,2
12757,1,1
12758,1,1
12759,1,1
12760,1,1
12761,28,19
12762,1,1
12763,1,1
12764,1,1
12765,1,1
12766,28,17
12767,1,1
12768,1,1
12769,1,1
12770,1,1
12771,1,1
12772,6,4
12773,2,1
12774,1,1
12775,1,1
12776,1,1
12777,1,1
12778,1,1
12779,2,1
12780,21,14
12781,1,1
12782,1,1
12783,1,1
12784,1,1
12785,1,1
12786,1,1
12787,1,1
12788,1,1
12789,1,1
12790,1,1
12791,1,1
12792,3,3
12793,1,1
12794,1,1
12795,1,1
12796,1,1
12797,1,1
12798,1,1
12799,1,1
12800,2,2
12801,1,1
12802,1,1
12803,1,1
12804,1,1
12805,2,2
12806,1,1
12807,2,1
12808,134,37
12809,2,2
12810,2,1
12811,1,1
12812,2,2
12813,1,1
12814,3,2
12815,1,1
12816,1,1
12817,7,6
12818,1,1
12819,1,1
12820,3,3
12821,2,2
12822,1,1
12823,1,1
12824,2,2
12825,5,3
12826,1,1
12827,1,1
12828,8,6
12829,1,1
12830,2,2
12831,1,1
12832,7,6
12833,1,1
12834,1,1
12835,1,1
12836,1,1
12837,1,1
12838,1,1
12839,2,2
12840,1,1
12841,1,1
12842,7,4
12843,1,1
12844,1,1
12845,469,69
12846,1,1
12847,1,1
12848,1,1
12849,1,1
12850,1,1
12851,1,1
12852,1,1
12853,1,1
12854,1,1
12855,1,1
12856,1,1
12857,9,3
12858,3,2
12859,1,1
12860,2,1
12861,1,1
12862,1,1
12863,2,1
12864,108,27
12865,1,1
12866,2,2
12867,5,3
12868,1,1
12869,164,60
12870,1,1
12871,223,67
12872,1,1
12873,1,1
12874,1,1
12875,1,1
12876,1,1
12877,2,2
12878,1,1
12879,1,1
12880,156,58
12881,2,2
12882,3,2
12883,1,1
12884,1,1
12885,1,1
12886,1,1
12887,1,1
12888,2,2
12889,1,1
12890,6,4
12891,2,1
12892,1,1
12893,1,1
12894,1,1
12895,1,1
12896,1,1
12897,52,18
12898,1,1
12899,1,1
12900,1,1
12901,3,2
12902,1,1
12903,5,3
12904,1,1
12905,1,1
12906,2,2
12907,1,1
12908,1,1
12909,1,1
12910,1,1
12911,1,1
12912,1,1
12913,1,1
12914,1,1
12915,1,1
12916,1,1
12917,1,1
12918,6,4
12919,1,1
12920,94,31
12921,1,1
12922,2,1
12923,1,1
12924,3,3
12925,1,1
12926,1,1
12927,1,1
12928,1,1
12929,4,2
12930,1,1
12931,4,3
12932,1,1
12933,1,1
12934,3,2
12935,1,1
12936,3,3
12937,1,1
12938,2,2
12939,1,1
12940,35,24
12941,1,1
12942,2,2
12943,1,1
12944,30,17
12945,1,1
12946,1,1
12947,1,1
12948,1,1
12949,1,1
12950,1,1
12951,1,1
12952,3,3
12953,3,2
12954,1,1
12955,1,1
12956,1,1
12957,1,1
12958,1,1
12959,1,1
12960,1,1
12961,1,1
12962,10,7
12963,1,1
12964,1,1
12965,1,1
12966,1,1
12967,2,2
12968,1,1
12969,14,14
12970,1,1
12971,1,1
12972,1,1
12973,1,1
12974,1,1
12975,1,1
12976,1,1
12977,2,2
12978,1,1
12979,1,1
12980,1,1
12981,3,3
12982,1,1
12983,1,1
12984,1,1
12985,1,1
12986,1,1
12987,1,1
12988,1,1
12989,1,1
12990,4,3
12991,2,2
12992,79,47
12993,2,2
12994,1,1
12995,11,9
12996,1,1
12997,1,1
12998,2,2
12999,1,1
13000,1,1
13001,1,1
13002,1,1
13003,8,5
13004,1,1
13005,2,1
13006,1,1
13007,5,5
13008,1,1
13009,1,1
13010,1,1
13011,1,1
13012,1,1
13013,1,1
13014,5,4
13015,1,1
13016,1,1
13017,1,1
13018,2,2
13019,2,1
13020,55,19
13021,4,4
13022,1,1
13023,1,1
13024,1,1
13025,1,1
13026,2,2
13027,1,1
13028,1,1
13029,1,1
13030,2,2
13031,1,1
13032,1,1
13033,1,1
13034,1,1
13035,1,1
13036,7,4
13037,1,1
13038,1,1
13039,1,1
13040,29,17
13041,1,1
13042,2,2
13043,1,1
13044,1,1
13045,1,1
13046,1,1
13047,3,3
13048,1,1
13049,2,1
13050,1,1
13051,1,1
13052,1,1
13053,3,2
13054,1,1
13055,3,2
13056,1,1
13057,5,3
13058,1,1
13059,3,2
13060,3,3
13061,2,1
13062,1,1
13063,3,3
13064,70,38
13065,23,23
13066,1,1
13067,4,3
13068,8,8
13069,6,4
13070,29,28
13071,1,1
13072,1,1
13073,2,2
13074,2,2
13075,1,1
13076,5,3
13077,1,1
13078,1,1
13079,2,1
13080,1,1
13081,1,1
13082,3,2
13083,3,3
13084,1,1
13085,1,1
13086,1,1
13087,1,1
13088,1,1
13089,2,2
13090,1,1
13091,1,1
13092,8,5
13093,1,1
13094,1,1
13095,1,1
13096,1,1
13097,1,1
13098,234,65
13099,1,1
13100,1,1
13101,92,29
13102,1,1
13103,2,2
13104,1,1
13105,2,1
13106,1,1
13107,1,1
13108,1,1
13109,3,3
13110,1,1
13111,2,2
13112,1,1
13113,1,1
13114,25,18
13115,1,1
13116,1,1
13117,1,1
13118,1,1
13119,2,2
13120,1,1
13121,1,1
13122,1,1
13123,1,1
13124,1,1
13125,6,5
13126,1,1
13127,2,2
13128,7,5
13129,1,1
13130,1,1
13131,1,1
13132,1,1
13133,1,1
13134,1,1
13135,1,1
13136,1,1
13137,1,1
13138,1,1
13139,1,1
13140,4,3
13141,1,1
13142,1,1
13143,1,1
13144,1,1
13145,2,1
13146,39,30
13147,1,1
13148,2,2
13149,1,1
13150,2,2
13151,2,2
13152,1,1
13153,1,1
13154,2,2
13155,1,1
13156,1,1
13157,1,1
13158,1,1
13159,1,1
13160,1,1
13161,1,1
13162,1,1
13163,2,1
13164,1,1
13165,3,3
13166,1,1
13167,1,1
13168,2,2
13169,1,1
13170,1,1
13171,4,2
13172,1,1
13173,1,1
13174,1,1
13175,2,1
13176,1,1
13177,3,3
13178,1,1
13179,1,1
13180,2,2
13181,1,1
13182,1,1
13183,4,2
13184,1,1
13185,1,1
13186,1,1
13187,3,3
13188,2,1
13189,15,11
13190,2,1
13191,1,1
13192,1,1
13193,1,1
13194,2,2
13195,1,1
13196,2,2
13197,11,10
13198,1,1
13199,1,1
13200,1,1
13201,1,1
13202,23,16
13203,3,2
13204,2,2
13205,1,1
13206,1,1
13207,1,1
13208,1,1
13209,5,3
13210,1,1
13211,1,1
13212,1,1
13213,1,1
13214,2,1
13215,7,5
13216,1,1
13217,2,1
13218,1,1
13219,1,1
13220,1,1
13221,20,20
13222,1,1
13223,63,26
13224,26,18
13225,193,54
13226,1,1
13227,1,1
13228,1,1
13229,1,1
13230,1,1
13231,2,1
13232,1,1
13233,1,1
13234,4,2
13235,1,1
13236,2,2
13237,2,2
13238,1,1
13239,1,1
13240,1,1
13241,1,1
13242,1,1
13243,1,1
13244,1,1
13245,2,2
13246,1,1
13247,1,1
13248,2,1
13249,1,1
13250,1,1
13251,1,1
13252,1,1
13253,29,23
13254,1,1
13255,1,1
13256,1,1
13257,4,2
13258,1,1
13259,1,1
13260,5,4
13261,60,22
13262,2,2
13263,1,1
13264,2,1
13265,27,14
13266,22,22
13267,8,8
13268,1,1
13269,3,3
13270,1,1
13271,1,1
13272,6,3
13273,1,1
13274,1,1
13275,1,1
13276,1,1
13277,1,1
13278,1,1
13279,2,2
13280,1,1
13281,1,1
13282,1,1
13283,1,1
13284,2,2
13285,3,3
13286,293,65
13287,1,1
13288,150,39
13289,1,1
13290,91,23
13291,1,1
13292,1,1
13293,1,1
13294,2,2
13295,3,3
13296,13,8
13297,1,1
13298,1,1
13299,1,1
13300,2,2
13301,1,1
13302,2,2
13303,1,1
13304,1,1
13305,2,1
13306,1,1
13307,1,1
13308,1,1
13309,1,1
13310,1,1
13311,1,1
13312,4,2
13313,1,1
13314,1,1
13315,1,1
13316,1,1
13317,2,1
13318,3,2
13319,1,1
13320,2,2
13321,1,1
13322,1,1
13323,1,1
13324,2,2
13325,4,2
13326,1,1
13327,1,1
13328,60,28
13329,1,1
13330,4,3
13331,6,5
13332,1,1
13333,2,2
13334,1,1
13335,2,2
13336,1,1
13337,3,3
13338,1,1
13339,1,1
13340,1,1
13341,1,1
13342,1,1
13343,1,1
13344,4,2
13345,2,2
13346,2,2
13347,1,1
13348,2,1
13349,62,37
13350,1,1
13351,1,1
13352,1,1
13353,1,1
13354,1,1
13355,1,1
13356,1,1
13357,5,3
13358,1,1
13359,2,1
13360,1,1
13361,1,1
13362,1,1
13363,1,1
13364,1,1
13365,2,2
13366,1,1
13367,1,1
13368,2,2
13369,2,2
13370,1,1
13371,1,1
13372,2,2
13373,1,1
13374,2,1
13375,1,1
13376,1,1
13377,3,2
13378,1,1
13379,3,3
13380,2,2
13381,1305,191
13382,1,1
13383,12,8
13384,1,1
13385,1,1
13386,1,1
13387,2,2
13388,1,1
13389,3,2
13390,77,20
13391,1,1
13392,1,1
13393,1,1
13394,1,1
13395,26,11
13396,1,1
13397,1,1
13398,1,1
13399,1,1
13400,14,8
13401,2,1
13402,1,1
13403,1,1
13404,5,2
13405,1,1
13406,1,1
13407,1,1
13408,1,1
13409,2,2
13410,34,19
13411,1,1
13412,1,1
13413,1,1
13414,2,2
13415,2,2
13416,2,1
13417,4,3
13418,1,1
13419,4,2
13420,8,5
13421,32,17
13422,12,12
13423,1,1
13424,1,1
13425,1,1
13426,1,1
13427,2,2
13428,1,1
13429,2,1
13430,1,1
13431,1,1
13432,1,1
13433,1,1
13434,1,1
13435,2,1
13436,1,1
13437,1,1
13438,1,1
13439,1,1
13440,1,1
13441,73,29
13442,56,39
13443,1,1
13444,1,1
13445,2,2
13446,2,2
13447,2,1
13448,1,1
13449,1,1
13450,2,1
13451,1,1
13452,21,21
13453,4,3
13454,35,22
13455,40,24
13456,2,2
13457,1,1
13458,1,1
13459,2,2
13460,2,1
13461,2,2
13462,5,3
13463,2,2
13464,1,1
13465,1,1
13466,1,1
13467,1,1
13468,9,5
13469,1,1
13470,1,1
13471,2,1
13472,1,1
13473,11,6
13474,1,1
13475,28,19
13476,1,1
13477,2,2
13478,38,14
13479,2,2
13480,3,3
13481,5,3
13482,1,1
13483,2,2
13484,1,1
13485,62,37
13486,2,2
13487,1,1
13488,5,3
13489,1,1
13490,1,1
13491,5,5
13492,1,1
13493,1,1
13494,3,2
13495,1,1
13496,1,1
13497,8,5
13498,3,2
13499,1,1
13500,1,1
13501,5,4
13502,4,3
13503,1,1
13504,1,1
13505,36,14
13506,2,2
13507,1,1
13508,3,2
13509,1,1
13510,1,1
13511,1,1
13512,1,1
13513,1,1
13514,3,2
13515,3,2
13516,1,1
13517,1,1
13518,1,1
13519,1,1
13520,1,1
13521,1,1
13522,1,1
13523,1,1
13524,5,4
13525,1,1
13526,1,1
13527,1,1
13528,1,1
13529,1,1
13530,1,1
13531,1,1
13532,1,1
13533,1,1
13534,1,1
13535,1,1
13536,1,1
13537,3,2
13538,1,1
13539,1,1
13540,1,1
13541,2,1
13542,1,1
13543,1,1
13544,11,7
13545,1,1
13546,1,1
13547,1,1
13548,1,1
13549,1,1
13550,7,7
13551,5,4
13552,1,1
13553,1,1
13554,1,1
13555,1,1
13556,15,6
13557,20,10
13558,1,1
13559,1,1
13560,1,1
13561,1,1
13562,1,1
13563,1,1
13564,131,36
13565,3,3
13566,1,1
13567,1,1
13568,3,3
13569,2,2
13570,1,1
13571,1,1
13572,2,2
13573,1,1
13574,1,1
13575,1,1
13576,1,1
13577,1,1
13578,2,2
13579,1,1
13580,15,9
13581,1,1
13582,13,10
13583,3,2
13584,1,1
13585,4,3
13586,1,1
13587,3,2
13588,1,1
13589,1,1
13590,1,1
13591,11,10
13592,216,53
13593,64,34
13594,1,1
13595,1,1
13596,2,2
13597,2,2
13598,1,1
13599,1,1
13600,1,1
13601,1,1
13602,1,1
13603,1,1
13604,41,35
13605,2,2
13606,155,45
13607,1,1
13608,1,1
13609,1,1
13610,1,1
13611,3,2
13612,3,3
13613,1,1
13614,1,1
13615,1,1
13616,1,1
13617,1,1
13618,3,2
13619,1,1
13620,93,24
13621,1,1
13622,1,1
13623,41,13
13624,1,1
13625,1,1
13626,110,38
13627,1,1
13628,12,8
13629,1,1
13630,1,1
13631,3,3
13632,2,2
13633,1,1
13634,1,1
13635,1,1
13636,4,3
13637,90,37
13638,17,9
13639,1,1
13640,1,1
13641,6,5
13642,3,3
13643,1,1
13644,1,1
13645,2,2
13646,3,3
13647,236,70
13648,1,1
13649,1,1
13650,1,1
13651,25,24
13652,60,36
13653,32,21
13654,1,1
13655,3,3
13656,9,4
13657,1,1
13658,4,3
13659,2,2
13660,71,17
13661,47,25
13662,1,1
13663,1,1
13664,2,2
13665,2,1
13666,8,8
13667,51,31
13668,1,1
13669,2,1
13670,16,9
13671,1,1
13672,1,1
13673,93,38
13674,1,1
13675,6,6
13676,2,2
13677,3,3
13678,1,1
13679,2,1
13680,1,1
13681,1,1
13682,1035,194
13683,2,2
13684,2,2
13685,4,3
13686,1,1
13687,1,1
13688,1,1
13689,2,2
13690,1,1
13691,1,1
13692,1,1
13693,1,1
13694,9,7
13695,2,2
13696,1,1
13697,1,1
13698,1,1
13699,63,25
13700,1,1
13701,1,1
13702,1,1
13703,1,1
13704,7,5
13705,1,1
13706,3,2
13707,1,1
13708,1,1
13709,1,1
13710,2,2
13711,1,1
13712,2,1
13713,1,1
13714,4,2
13715,1,1
13716,2,2
13717,1,1
13718,1,1
13719,1,1
13720,9,7
13721,1,1
13722,1,1
13723,1,1
13724,2,2
13725,1,1
13726,9,4
13727,1,1
13728,1,1
13729,1,1
13730,1,1
13731,1,1
13732,1,1
13733,1,1
13734,1,1
13735,1,1
13736,2,2
13737,2,2
13738,1,1
13739,2,2
13740,1,1
13741,1,1
13742,1,1
13743,1,1
13744,2,2
13745,2,2
13746,1,1
13747,1,1
13748,1,1
13749,2,2
13750,1,1
13751,6,4
13752,1,1
13753,1,1
13754,6,3
13755,1,1
13756,3,1
13757,1,1
13758,1,1
13759,3,3
13760,14,5
13761,1,1
13762,1,1
13763,1,1
13764,1,1
13765,1,1
13766,1,1
13767,28,20
13768,4,4
13769,1,1
13770,1,1
13771,1,1
13772,10,7
13773,2,1
13774,2,2
13775,1,1
13776,2,1
13777,3,2
13778,1,1
13779,1,1
13780,1,1
13781,2,2
13782,1,1
13783,1,1
13784,1,1
13785,2,1
13786,1,1
13787,1,1
13788,2,2
13789,2,2
13790,196,50
13791,1,1
13792,1,1
13793,21,14
13794,1,1
13795,2,2
13796,1,1
13797,2,2
13798,3,2
13799,1,1
13800,1,1
13801,1,1
13802,2,1
13803,1,1
13804,7,5
13805,1,1
13806,1,1
13807,1,1
13808,1,1
13809,15,11
13810,1,1
13811,6,4
13812,32,20
13813,26,15
13814,1,1
13815,1,1
13816,5,3
13817,1,1
13818,1,1
13819,3,3
13820,1,1
13821,1,1
13822,2,2
13823,2,1
13824,2,2
13825,28,28
13826,2,2
13827,2,2
13828,2,2
13829,2,2
13830,1,1
13831,26,26
13832,3,3
13833,44,32
13834,1,1
13835,5,3
13836,1,1
13837,4,3
13838,1,1
13839,1,1
13840,1,1
13841,1,1
13842,3,3
13843,51,16
13844,2,2
13845,5,3
13846,1,1
13847,62,16
13848,3,2
13849,3,2
13850,1,1
13851,1,1
13852,1,1
13853,1,1
13854,1,1
13855,1,1
13856,1,1
13857,16,11
13858,1,1
13859,2,2
13860,2,2
13861,1,1
13862,2,2
13863,1,1
13864,1,1
13865,1,1
13866,1,1
13867,1,1
13868,56,25
13869,1,1
13870,45,26
13871,60,25
13872,1,1
13873,1,1
13874,6,6
13875,1,1
13876,1,1
13877,16,16
13878,1,1
13879,19,19
13880,23,16
13881,2,2
13882,1,1
13883,6,6
13884,28,20
13885,3,3
13886,11,11
13887,1,1
13888,1,1
13889,2,2
13890,1,1
13891,3,3
13892,1,1
13893,1,1
13894,1,1
13895,1,1
13896,1,1
13897,1,1
13898,3,2
13899,1,1
13900,2,1
13901,1,1
13902,6,4
13903,1,1
13904,1,1
13905,2,1
13906,1,1
13907,1,1
13908,4,3
13909,1,1
13910,1,1
13911,1,1
13912,5,3
13913,1,1
13914,1,1
13915,4,3
13916,1,1
13917,2,2
13918,1,1
13919,7,5
13920,1,1
13921,1,1
13922,6,4
13923,7,5
13924,1,1
13925,1,1
13926,1,1
13927,3,2
13928,1,1
13929,5,4
13930,1,1
13931,4,2
13932,1,1
13933,4,3
13934,1,1
13935,7,4
13936,1,1
13937,1,1
13938,1,1
13939,1,1
13940,7,5
13941,1,1
13942,6,4
13943,1,1
13944,1,1
13945,10,7
13946,2,1
13947,3,3
13948,1,1
13949,1,1
13950,1,1
13951,4,3
13952,1,1
13953,5,4
13954,1,1
13955,1,1
13956,1,1
13957,1,1
13958,1,1
13959,1,1
13960,1,1
13961,1,1
13962,1,1
13963,2,2
13964,1,1
13965,1,1
13966,1,1
13967,1,1
13968,1,1
13969,2,1
13970,5,4
13971,1,1
13972,1,1
13973,1,1
13974,1,1
13975,2,2
13976,1,1
13977,1,1
13978,3,2
13979,2,1
13980,1,1
13981,1,1
13982,2,2
13983,1,1
13984,4,4
13985,1,1
13986,1,1
13987,1,1
13988,1,1
13989,1,1
13990,1,1
13991,4,3
13992,1,1
13993,21,10
13994,4,3
13995,1,1
13996,3,3
13997,1,1
13998,1,1
13999,1,1
14000,1,1
14001,16,6
14002,1,1
14003,1,1
14004,4,2
14005,3,2
14006,5,4
14007,1,1
14008,1,1
14009,2,2
14010,1,1
14011,1,1
14012,1,1
14013,1,1
14014,1,1
14015,1,1
14016,4,4
14017,1,1
14018,3,3
14019,1,1
14020,2,1
14021,2,2
14022,1,1
14023,2,2
14024,1,1
14025,1,1
14026,1,1
14027,5,5
14028,18,12
14029,1,1
14030,2,1
14031,1,1
14032,1,1
14033,2,2
14034,2,2
14035,2,2
14036,1,1
14037,1,1
14038,1,1
14039,1,1
14040,3,3
14041,2,2
14042,13,9
14043,2,2
14044,4,4
14045,22,10
14046,2,1
14047,1,1
14048,1,1
14049,1,1
14050,1,1
14051,4,2
14052,1,1
14053,1,1
14054,1,1
14055,3,2
14056,10,9
14057,1,1
14058,1,1
14059,1,1
14060,1,1
14061,14,14
14062,1,1
14063,1,1
14064,1,1
14065,3,2
14066,1,1
14067,1,1
14068,1,1
14069,16,11
14070,3,2
14071,1,1
14072,2,1
14073,1,1
14074,1,1
14075,1,1
14076,1,1
14077,1,1
14078,1,1
14079,2,1
14080,1,1
14081,58,31
14082,1,1
14083,39,26
14084,1,1
14085,27,21
14086,1,1
14087,1,1
14088,1,1
14089,26,11
14090,106,59
14091,1,1
14092,1,1
14093,2,2
14094,1,1
14095,2,2
14096,1,1
14097,157,60
14098,1,1
14099,8,8
14100,1,1
14101,1,1
14102,1,1
14103,1,1
14104,1,1
14105,1,1
14106,2,1
14107,1,1
14108,1,1
14109,1,1
14110,1,1
14111,4,3
14112,2,2
14113,2,2
14114,1,1
14115,1,1
14116,2,1
14117,5,4
14118,3,3
14119,1,1
14120,3,2
14121,1,1
14122,1,1
14123,5,4
14124,6,4
14125,1,1
14126,1,1
14127,5,5
14128,1,1
14129,1,1
14130,2,1
14131,3,2
14132,1,1
14133,2,1
14134,3,2
14135,1,1
14136,1,1
14137,39,18
14138,1,1
14139,2,2
14140,1,1
14141,1,1
14142,1,1
14143,3,3
14144,1,1
14145,1,1
14146,8,5
14147,5,4
14148,4,4
14149,1,1
14150,1,1
14151,1,1
14152,1,1
14153,1,1
14154,1,1
14155,1,1
14156,1,1
14157,1,1
14158,1,1
14159,1,1
14160,2,1
14161,1,1
14162,1,1
14163,1,1
14164,2,2
14165,1,1
14166,3,3
14167,2,1
14168,1,1
14169,1,1
14170,2,2
14171,2,2
14172,1,1
14173,2,2
14174,2,2
14175,1,1
14176,1,1
14177,1,1
14178,1,1
14179,2,2
14180,1,1
14181,1,1
14182,1,1
14183,1,1
14184,1,1
14185,1,1
14186,1,1
14187,1,1
14188,2,1
14189,2,2
14190,1,1
14191,1,1
14192,1,1
14193,1,1
14194,1,1
14195,1,1
14196,1,1
14197,1,1
14198,2,2
14199,3,3
14200,2,1
14201,1,1
14202,2,2
14203,1,1
14204,1,1
14205,1,1
14206,1,1
14207,1,1
14208,20,19
14209,1,1
14210,1,1
14211,1,1
14212,1,1
14213,1,1
14214,1,1
14215,1,1
14216,26,15
14217,52,19
14218,1,1
14219,1,1
14220,2,2
14221,1,1
14222,2,2
14223,1,1
14224,1,1
14225,2,2
14226,2,2
14227,1,1
14228,1,1
14229,1,1
14230,1,1
14231,1,1
14232,1,1
14233,129,54
14234,2,2
14235,6,4
14236,2,2
14237,2,1
14238,5,3
14239,5,3
14240,8,5
14241,1,1
14242,1,1
14243,1,1
14244,1,1
14245,2,2
14246,1,1
14247,1,1
14248,1,1
14249,1,1
14250,6,4
14251,1,1
14252,5,4
14253,1,1
14254,7,6
14255,1,1
14256,1,1
14257,10,4
14258,3,3
14259,2,2
14260,2,2
14261,1,1
14262,3,3
14263,1,1
14264,1,1
14265,1,1
14266,1,1
14267,1,1
14268,53,22
14269,2,2
14270,2,1
14271,11,6
14272,2,2
14273,5,4
14274,2,1
14275,1,1
14276,19,10
14277,6,6
14278,1,1
14279,2,1
14280,1,1
14281,4,3
14282,2,2
14283,1,1
14284,1,1
14285,2,2
14286,1,1
14287,14,11
14288,1,1
14289,7,7
14290,2,2
14291,1,1
14292,1,1
14293,1,1
14294,2,2
14295,3,3
14296,1,1
14297,1,1
14298,17,14
14299,1,1
14300,4,4
14301,57,37
14302,26,17
14303,14,14
14304,1,1
14305,85,32
14306,10,6
14307,12,10
14308,15,10
14309,1,1
14310,1,1
14311,5,4
14312,1,1
14313,1,1
14314,1,1
14315,3,2
14316,1,1
14317,3,3
14318,1,1
14319,1,1
14320,1,1
14321,1,1
14322,1,1
14323,2,1
14324,2,2
14325,3,1
14326,7,7
14327,2,2
14328,3,3
14329,1,1
14330,2,1
14331,1,1
14332,81,37
14333,46,28
14334,9,9
14335,1,1
14336,1,1
14337,6,6
14338,3,3
14339,1,1
14340,3,2
14341,4,2
14342,1,1
14343,1,1
14344,1,1
14345,1,1
14346,1,1
14347,1,1
14348,1,1
14349,1,1
14350,7,7
14351,19,11
14352,3,3
14353,10,5
14354,1,1
14355,2,2
14356,3,2
14357,1,1
14358,1,1
14359,1,1
14360,33,12
14361,1,1
14362,1,1
14363,1,1
14364,2,2
14365,1,1
14366,1,1
14367,1,1
14368,1,1
14369,1,1
14370,1,1
14371,1,1
14372,2,2
14373,1,1
14374,1,1
14375,1,1
14376,1,1
14377,2,1
14378,1,1
14379,2,2
14380,2,2
14381,1,1
14382,2,2
14383,4,3
14384,1,1
14385,1,1
14386,1,1
14387,1,1
14388,1,1
14389,1,1
14390,1,1
14391,1,1
14392,1,1
14393,1,1
14394,4,3
14395,1,1
14396,1,1
14397,1,1
14398,2,2
14399,1,1
14400,1,1
14401,1,1
14402,1,1
14403,1,1
14404,1,1
14405,4,4
14406,1,1
14407,2,2
14408,1,1
14409,1,1
14410,1,1
14411,1,1
14412,1,1
14413,1,1
14414,14,11
14415,1,1
14416,1,1
14417,1,1
14418,1,1
14419,1,1
14420,1,1
14421,1,1
14422,1,1
14423,8,8
14424,1,1
14425,1,1
14426,1,1
14427,2,2
14428,1,1
14429,1,1
14430,2,2
14431,2,2
14432,5,3
14433,1,1
14434,1,1
14435,9,9
14436,8,8
14437,1,1
14438,1,1
14439,24,8
14440,2,2
14441,13,13
14442,1,1
14443,1,1
14444,5,3
14445,1,1
14446,1,1
14447,16,11
14448,1,1
14449,1,1
14450,1,1
14451,1,1
14452,6,3
14453,4,3
14454,21,8
14455,2,2
14456,3,2
14457,1,1
14458,1,1
14459,1,1
14460,1,1
14461,1,1
14462,32,21
14463,3,3
14464,1,1
14465,2,2
14466,1,1
14467,4,4
14468,2,2
14469,1,1
14470,1,1
14471,3,2
14472,1,1
14473,2,2
14474,1,1
14475,1,1
14476,1,1
14477,12,8
14478,12,7
14479,2,1
14480,1,1
14481,1,1
14482,79,26
14483,57,25
14484,142,36
14485,1,1
14486,23,11
14487,1,1
14488,1,1
14489,1,1
14490,1,1
14491,1,1
14492,41,21
14493,4,3
14494,1,1
14495,1,1
14496,2,2
14497,3,3
14498,1,1
14499,1,1
14500,1,1
14501,1,1
14502,11,8
14503,2,1
14504,1,1
14505,7,5
14506,2,2
14507,1,1
14508,14,8
14509,1,1
14510,1,1
14511,2,1
14512,7,7
14513,1,1
14514,1,1
14515,1,1
14516,1,1
14517,3,2
14518,3,3
14519,1,1
14520,1,1
14521,1,1
14522,1,1
14523,33,20
14524,19,8
14525,1,1
14526,1,1
14527,1,1
14528,2,2
14529,1,1
14530,20,10
14531,6,4
14532,4,3
14533,7,7
14534,2,2
14535,2,2
14536,3,3
14537,3,3
14538,43,26
14539,10,6
14540,2,1
14541,1,1
14542,4,4
14543,3,3
14544,6,4
14545,1,1
14546,1,1
14547,1,1
14548,1,1
14549,68,24
14550,4,3
14551,1,1
14552,2,2
14553,2,1
14554,1,1
14555,1,1
14556,2,2
14557,1,1
14558,2,2
14559,1,1
14560,1,1
14561,1,1
14562,1,1
14563,1,1
14564,1,1
14565,1,1
14566,22,12
14567,1,1
14568,1,1
14569,1,1
14570,3,2
14571,1,1
14572,1,1
14573,1,1
14574,1,1
14575,6,4
14576,2,1
14577,1,1
14578,2,2
14579,4,2
14580,1,1
14581,4,3
14582,3,2
14583,2,1
14584,2,1
14585,1,1
14586,3,3
14587,1,1
14588,1,1
14589,3,2
14590,1,1
14591,1,1
14592,1,1
14593,1,1
14594,1,1
14595,2,2
14596,1,1
14597,1,1
14598,1,1
14599,2,2
14600,1,1
14601,3,3
14602,11,4
14603,1,1
14604,1,1
14605,1,1
14606,1,1
14607,79,37
14608,3,3
14609,1,1
14610,1,1
14611,1,1
14612,1,1
14613,1,1
14614,3,2
14615,93,55
14616,1,1
14617,3,3
14618,1,1
14619,1,1
14620,1,1
14621,2,1
14622,1,1
14623,4,3
14624,26,16
14625,1,1
14626,2,2
14627,3,3
14628,1,1
14629,1,1
14630,3,3
14631,1,1
14632,1,1
14633,1,1
14634,8,5
14635,1,1
14636,3,2
14637,5,3
14638,1,1
14639,1,1
14640,5,3
14641,1,1
14642,3,2
14643,1,1
14644,1,1
14645,1,1
14646,1,1
14647,1,1
14648,1,1
14649,1,1
14650,3,2
14651,4,3
14652,1,1
14653,1,1
14654,1,1
14655,4,4
14656,3,2
14657,1,1
14658,1,1
14659,2,2
14660,4,3
14661,1,1
14662,1,1
14663,3,2
14664,2,1
14665,1,1
14666,1,1
14667,1,1
14668,1,1
14669,1,1
14670,1,1
14671,1,1
14672,1,1
14673,7,5
14674,2,2
14675,1,1
14676,4,4
14677,2,2
14678,2,2
14679,23,14
14680,3,3
14681,1,1
14682,2,1
14683,5,4
14684,1,1
14685,1,1
14686,1,1
14687,2,2
14688,1,1
14689,1,1
14690,2,1
14691,1,1
14692,2,1
14693,1,1
14694,1,1
14695,1,1
14696,4,4
14697,14,13
14698,60,50
14699,1,1
14700,7,7
14701,8,7
14702,1,1
14703,7,7
14704,6,6
14705,1,1
14706,1,1
14707,1,1
14708,2,2
14709,1,1
14710,1,1
14711,1,1
14712,2,2
14713,1,1
14714,5,4
14715,7,5
14716,1,1
14717,2,1
14718,2,1
14719,11,10
14720,5,4
14721,1,1
14722,1,1
14723,3,1
14724,2,2
14725,3,3
14726,1,1
14727,4,2
14728,2,2
14729,5,5
14730,1,1
14731,19,13
14732,1,1
14733,2,2
14734,11,8
14735,2,1
14736,5,3
14737,1,1
14738,1,1
14739,29,17
14740,7,5
14741,6,3
14742,12,10
14743,1,1
14744,3,3
14745,1,1
14746,5,4
14747,1,1
14748,1,1
14749,1,1
14750,20,12
14751,2,2
14752,2,2
14753,290,55
14754,2,2
14755,2,2
14756,16,15
14757,28,12
14758,1,1
14759,1,1
14760,2,1
14761,2,1
14762,1,1
14763,1,1
14764,2,2
14765,1,1
14766,1,1
14767,3,3
14768,1,1
14769,1,1
14770,2,1
14771,18,13
14772,3,2
14773,1,1
14774,9,5
14775,1,1
14776,1,1
14777,3,3
14778,2,2
14779,2,2
14780,5,5
14781,2,2
14782,1,1
14783,1,1
14784,1,1
14785,2,2
14786,1,1
14787,1,1
14788,2,2
14789,1,1
14790,2,1
14791,1,1
14792,1,1
14793,2,2
14794,1,1
14795,1,1
14796,1,1
14797,1,1
14798,2,2
14799,1,1
14800,1,1
14801,1,1
14802,3,2
14803,2,2
14804,1,1
14805,1,1
14806,1,1
14807,3,2
14808,4,4
14809,1,1
14810,1,1
14811,1,1
14812,1,1
14813,1,1
14814,1,1
14815,1,1
14816,1,1
14817,1,1
14818,3,2
14819,3,3
14820,1,1
14821,1,1
14822,1,1
14823,1,1
14824,3,1
14825,4,2
14826,1,1
14827,1,1
14828,2,1
14829,1,1
14830,10,5
14831,4,3
14832,1,1
14833,4,3
14834,1,1
14835,1,1
14836,1,1
14837,2,2
14838,1,1
14839,6,5
14840,2,2
14841,1,1
14842,1,1
14843,1,1
14844,1,1
14845,1,1
14846,1,1
14847,3,2
14848,1,1
14849,2,1
14850,1,1
14851,1,1
14852,5,3
14853,1,1
14854,1,1
14855,1,1
14856,1,1
14857,1,1
14858,1,1
14859,2,2
14860,1,1
14861,1,1
14862,1,1
14863,1,1
14864,2,2
14865,2,1
14866,1,1
14867,1,1
14868,1,1
14869,1,1
14870,1,1
14871,1,1
14872,1,1
14873,1,1
14874,11,7
14875,2,1
14876,2,1
14877,1,1
14878,1,1
14879,1,1
14880,2,2
14881,1,1
14882,2,2
14883,7,7
14884,2,2
14885,1,1
14886,1,1
14887,3,2
14888,1,1
14889,1,1
14890,2,2
14891,3,2
14892,1,1
14893,1,1
14894,1,1
14895,1,1
14896,4,1
14897,2,2
14898,1,1
14899,1,1
14900,1,1
14901,1,1
14902,27,10
14903,1,1
14904,5,3
14905,33,21
14906,1,1
14907,1,1
14908,3,2
14909,2,1
14910,1,1
14911,1,1
14912,10,10
14913,3,3
14914,1,1
14915,1,1
14916,1,1
14917,1,1
14918,1,1
14919,1,1
14920,1,1
14921,2,1
14922,5,3
14923,1,1
14924,5,5
14925,1,1
14926,61,38
14927,2,2
14928,1,1
14929,13,12
14930,1,1
14931,2,1
14932,1,1
14933,1,1
14934,1,1
14935,1,1
14936,3,3
14937,12,7
14938,1,1
14939,1,1
14940,1,1
14941,2,1
14942,1,1
14943,1,1
14944,2,2
14945,3,2
14946,1,1
14947,1,1
14948,4,4
14949,1,1
14950,1,1
14951,1,1
14952,1,1
14953,13,9
14954,1,1
14955,1,1
14956,2,2
14957,1,1
14958,1,1
14959,4,3
14960,1,1
14961,1,1
14962,14,14
14963,63,26
14964,1,1
14965,1,1
14966,34,29
14967,12,11
14968,2,2
14969,1,1
14970,1,1
14971,5,4
14972,1,1
14973,1,1
14974,1,1
14975,1,1
14976,1,1
14977,3,2
14978,1,1
14979,1,1
14980,4,3
14981,1,1
14982,1,1
14983,2,2
14984,1,1
14985,1,1
14986,4,3
14987,1,1
14988,1,1
14989,3,2
14990,1,1
14991,2,2
14992,2,2
14993,1,1
14994,1,1
14995,1,1
14996,1,1
14997,2,1
14998,1,1
14999,1,1
15000,1,1
15001,1,1
15002,3,3
15003,1,1
15004,1,1
15005,2,2
15006,59,27
15007,1,1
15008,1,1
15009,1,1
15010,2,2
15011,1,1
15012,1,1
15013,1,1
15014,3,1
15015,1,1
15016,1,1
15017,1,1
15018,1,1
15019,1,1
15020,2,1
15021,1,1
15022,1,1
15023,1,1
15024,1,1
15025,1,1
15026,2,2
15027,1,1
15028,2,1
15029,1,1
15030,1,1
15031,7,6
15032,3,3
15033,1,1
15034,1,1
15035,1,1
15036,1,1
15037,1,1
15038,2,1
15039,3,3
15040,4,2
15041,1,1
15042,1,1
15043,1,1
15044,1,1
15045,1,1
15046,1,1
15047,1,1
15048,2,2
15049,12,6
15050,1,1
15051,1,1
15052,2,1
15053,2,2
15054,1,1
15055,4,4
15056,1,1
15057,2,1
15058,1,1
15059,1,1
15060,1,1
15061,1,1
15062,1,1
15063,1,1
15064,1,1
15065,1,1
15066,5,3
15067,1,1
15068,1,1
15069,1,1
15070,1,1
15071,2,2
15072,1,1
15073,1,1
15074,3,2
15075,1,1
15076,1,1
15077,1,1
15078,1,1
15079,1,1
15080,1,1
15081,1,1
15082,1,1
15083,1,1
15084,85,27
15085,1,1
15086,1,1
15087,1,1
15088,1,1
15089,1,1
15090,5,5
15091,1,1
15092,1,1
15093,1,1
15094,1,1
15095,1,1
15096,10,9
15097,1,1
15098,2,2
15099,9,9
15100,7,6
15101,1,1
15102,4,2
15103,108,36
15104,1,1
15105,11,11
15106,1,1
15107,1,1
15108,67,33
15109,2,1
15110,4,4
15111,1,1
15112,2,2
15113,1,1
15114,1,1
15115,1,1
15116,2,2
15117,1,1
15118,2,2
15119,1,1
15120,1,1
15121,3,3
15122,9,6
15123,1,1
15124,1,1
15125,1,1
15126,1,1
15127,5,5
15128,4,2
15129,1,1
15130,2,2
15131,38,16
15132,1,1
15133,1,1
15134,1,1
15135,1,1
15136,3,2
15137,7,6
15138,4,4
15139,8,8
15140,3,3
15141,13,13
15142,2,2
15143,15,11
15144,1,1
15145,1,1
15146,2,2
15147,23,23
15148,1,1
15149,1,1
15150,22,11
15151,1,1
15152,1,1
15153,2,2
15154,3,2
15155,1,1
15156,3,3
15157,8,6
15158,11,10
15159,1,1
15160,1,1
15161,1,1
15162,1,1
15163,1,1
15164,22,9
15165,1,1
15166,3,2
15167,36,20
15168,1,1
15169,1,1
15170,1,1
15171,2,2
15172,1,1
15173,3,2
15174,14,13
15175,1,1
15176,1,1
15177,1,1
15178,1,1
15179,1,1
15180,1,1
15181,1,1
15182,1,1
15183,8,5
15184,1,1
15185,1,1
15186,1,1
15187,2,2
15188,1,1
15189,3,2
15190,1,1
15191,1,1
15192,1,1
15193,1,1
15194,1,1
15195,1,1
15196,1,1
15197,7,5
15198,1,1
15199,2,1
15200,3,2
15201,1,1
15202,15,11
15203,1,1
15204,1,1
15205,1,1
15206,2,2
15207,64,22
15208,1,1
15209,1,1
15210,1,1
15211,1,1
15212,1,1
15213,1,1
15214,1,1
15215,1,1
15216,1,1
15217,1,1
15218,6,4
15219,2,2
15220,1,1
15221,1,1
15222,4,4
15223,1,1
15224,1,1
15225,2,2
15226,3,3
15227,1,1
15228,1,1
15229,1,1
15230,1,1
15231,2,2
15232,1,1
15233,2,2
15234,1,1
15235,1,1
15236,4,3
15237,3,3
15238,1,1
15239,1,1
15240,1,1
15241,2,2
15242,1,1
15243,1,1
15244,1,1
15245,1,1
15246,1,1
15247,1,1
15248,44,15
15249,4,2
15250,1,1
15251,1,1
15252,1,1
15253,2,2
15254,1,1
15255,3,2
15256,5,4
15257,1,1
15258,1,1
15259,1,1
15260,25,11
15261,10,5
15262,1,1
15263,4,3
15264,23,16
15265,1,1
15266,61,28
15267,1,1
15268,2,2
15269,1,1
15270,1,1
15271,2,2
15272,6,5
15273,5,4
15274,1,1
15275,2,2
15276,1,1
15277,1,1
15278,1,1
15279,1,1
15280,4,4
15281,4,3
15282,12,6
15283,2,2
15284,2,2
15285,2,1
15286,2,2
15287,1,1
15288,1,1
15289,17,14
15290,1,1
15291,2,2
15292,3,3
15293,2,2
15294,4,4
15295,1,1
15296,1,1
15297,4,4
15298,2,1
15299,1,1
15300,1,1
15301,1,1
15302,1,1
15303,10,4
15304,1,1
15305,5,3
15306,1,1
15307,1,1
15308,2,2
15309,2,2
15310,1,1
15311,76,33
15312,1,1
15313,2,2
15314,2,2
15315,1,1
15316,1,1
15317,1,1
15318,2,2
15319,1,1
15320,1,1
15321,2,2
15322,1,1
15323,1,1
15324,1,1
15325,2,1
15326,1,1
15327,1,1
15328,2,2
15329,1,1
15330,1,1
15331,10,5
15332,1,1
15333,1,1
15334,2,2
15335,1,1
15336,1,1
15337,21,13
15338,2,1
15339,1,1
15340,2,2
15341,1,1
15342,5,5
15343,1,1
15344,1,1
15345,1,1
15346,9,8
15347,1,1
15348,1,1
15349,10,9
15350,1,1
15351,1,1
15352,1,1
15353,1,1
15354,1,1
15355,6,4
15356,1,1
15357,1,1
15358,4,2
15359,1,1
15360,1,1
15361,1,1
15362,2,2
15363,1,1
15364,2,2
15365,1,1
15366,1,1
15367,1,1
15368,1,1
15369,1,1
15370,1,1
15371,30,15
15372,1,1
15373,1,1
15374,1,1
15375,1,1
15376,1,1
15377,1,1
15378,1,1
15379,1,1
15380,2,2
15381,2,1
15382,1,1
15383,1,1
15384,1,1
15385,4,2
15386,5,5
15387,1,1
15388,1,1
15389,1,1
15390,1,1
15391,1,1
15392,1,1
15393,1,1
15394,1,1
15395,1,1
15396,2,1
15397,1,1
15398,1,1
15399,1,1
15400,4,3
15401,1,1
15402,1,1
15403,3,3
15404,31,16
15405,1,1
15406,1,1
15407,16,15
15408,4,4
15409,8,6
15410,1,1
15411,3,2
15412,2,2
15413,1,1
15414,1,1
15415,8,4
15416,1,1
15417,1,1
15418,1,1
15419,1,1
15420,3,2
15421,1,1
15422,1,1
15423,4,3
15424,4,3
15425,1,1
15426,2,2
15427,4,2
15428,11,6
15429,1,1
15430,2,2
15431,1,1
15432,4,3
15433,1,1
15434,1,1
15435,1,1
15436,2,2
15437,1,1
15438,1,1
15439,1,1
15440,7,5
15441,9,9
15442,2,1
15443,1,1
15444,1,1
15445,2,2
15446,1,1
15447,2,2
15448,1,1
15449,1,1
15450,14,8
15451,1,1
15452,1,1
15453,1,1
15454,1,1
15455,1,1
15456,1,1
15457,5,5
15458,1,1
15459,1,1
15460,1,1
15461,9,5
15462,1,1
15463,19,10
15464,3,3
15465,1,1
15466,1,1
15467,5,4
15468,1,1
15469,1,1
15470,1,1
15471,2,2
15472,1,1
15473,2,2
15474,9,4
15475,5,5
15476,23,13
15477,1,1
15478,1,1
15479,4,3
15480,1,1
15481,1,1
15482,12,12
15483,33,18
15484,5,5
15485,7,7
15486,5,3
15487,1,1
15488,5,4
15489,1,1
15490,99,47
15491,1,1
15492,1,1
15493,2,2
15494,3,3
15495,1,1
15496,2,2
15497,7,5
15498,1,1
15499,1,1
15500,1,1
15501,1,1
15502,2,2
15503,23,15
15504,1,1
15505,1,1
15506,4,4
15507,1,1
15508,1,1
15509,1,1
15510,5,4
15511,1,1
15512,22,11
15513,1,1
15514,4,4
15515,7,6
15516,2,2
15517,2,1
15518,1,1
15519,6,6
15520,2,1
15521,2,1
15522,1,1
15523,2,2
15524,17,17
15525,5,4
15526,7,6
15527,8,7
15528,3,3
15529,7,5
15530,2,2
15531,1,1
15532,1,1
15533,1,1
15534,1,1
15535,3,2
15536,3,2
15537,2,1
15538,1,1
15539,5,4
15540,1,1
15541,1,1
15542,12,9
15543,1,1
15544,4,3
15545,5,5
15546,1,1
15547,3,3
15548,3,2
15549,1,1
15550,1,1
15551,1,1
15552,1,1
15553,1,1
15554,1,1
15555,4,3
15556,2,2
15557,1,1
15558,1,1
15559,17,11
15560,1,1
15561,1,1
15562,3,3
15563,1,1
15564,1,1
15565,3,3
15566,1,1
15567,2,2
15568,8,3
15569,1,1
15570,1,1
15571,4,3
15572,5,4
15573,2,2
15574,1,1
15575,8,3
15576,1,1
15577,5,4
15578,1,1
15579,1,1
15580,1,1
15581,1,1
15582,1,1
15583,1,1
15584,1,1
15585,4,3
15586,3,3
15587,13,11
15588,2,1
15589,1,1
15590,1,1
15591,1,1
15592,3,3
15593,1,1
15594,2,2
15595,1,1
15596,1,1
15597,6,4
15598,1,1
15599,1,1
15600,1,1
15601,8,6
15602,1,1
15603,1,1
15604,1,1
15605,1,1
15606,4,3
15607,1,1
15608,4,2
15609,5,4
15610,2,2
15611,1,1
15612,1,1
15613,1,1
15614,1,1
15615,1,1
15616,1,1
15617,1,1
15618,1,1
15619,1,1
15620,1,1
15621,1,1
15622,5,4
15623,1,1
15624,23,11
15625,5,3
15626,1,1
15627,1,1
15628,1,1
15629,1,1
15630,2,1
15631,1,1
15632,1,1
15633,5,3
15634,2,2
15635,1,1
15636,2,2
15637,1,1
15638,1,1
15639,1,1
15640,3,3
15641,1,1
15642,3,2
15643,1,1
15644,1,1
15645,1,1
15646,4,2
15647,1,1
15648,1,1
15649,1,1
15650,2,2
15651,1,1
15652,8,8
15653,2,2
15654,1,1
15655,1,1
15656,8,8
15657,3,3
15658,2,1
15659,2,2
15660,1,1
15661,1,1
15662,2,2
15663,1,1
15664,4,3
15665,1,1
15666,1,1
15667,5,3
15668,9,4
15669,4,3
15670,1,1
15671,8,5
15672,2,1
15673,1,1
15674,1,1
15675,2,2
15676,1,1
15677,6,6
15678,24,19
15679,5,3
15680,1,1
15681,9,6
15682,27,13
15683,1,1
15684,1,1
15685,5,4
15686,1,1
15687,2,2
15688,2,1
15689,1,1
15690,1,1
15691,1,1
15692,3,2
15693,1,1
15694,1,1
15695,1,1
15696,3,3
15697,2,2
15698,1,1
15699,2,1
15700,1,1
15701,1,1
15702,1,1
15703,1,1
15704,1,1
15705,1,1
15706,3,2
15707,3,2
15708,2,2
15709,2,2
15710,3,2
15711,2,2
15712,2,2
15713,1,1
15714,1,1
15715,1,1
15716,1,1
15717,2,2
15718,1,1
15719,26,17
15720,2,1
15721,1,1
15722,1,1
15723,1,1
15724,1,1
15725,4,4
15726,1,1
15727,2,1
15728,1,1
15729,3,3
15730,2,2
15731,1,1
15732,1,1
15733,3,2
15734,1,1
15735,1,1
15736,1,1
15737,1,1
15738,1,1
15739,2,2
15740,4,2
15741,1,1
15742,4,3
15743,1,1
15744,2,2
15745,15,10
15746,2,2
15747,2,2
15748,1,1
15749,2,2
15750,1,1
15751,5,2
15752,3,2
15753,1,1
15754,2,2
15755,1,1
15756,1,1
15757,2,2
15758,1,1
15759,1,1
15760,1,1
15761,14,13
15762,2,2
15763,1,1
15764,1,1
15765,1,1
15766,3,3
15767,1,1
15768,1,1
15769,1,1
15770,3,3
15771,1,1
15772,1,1
15773,2,2
15774,1,1
15775,1,1
15776,1,1
15777,1,1
15778,1,1
15779,1,1
15780,6,3
15781,1,1
15782,3,3
15783,1,1
15784,1,1
15785,1,1
15786,2,2
15787,1,1
15788,1,1
15789,1,1
15790,1,1
15791,1,1
15792,3,2
15793,1,1
15794,1,1
15795,3,3
15796,3,2
15797,2,1
15798,1,1
15799,1,1
15800,1,1
15801,3,3
15802,1,1
15803,1,1
15804,7,5
15805,1,1
15806,1,1
15807,1,1
15808,1,1
15809,1,1
15810,1,1
15811,1,1
15812,2,2
15813,1,1
15814,5,3
15815,3,2
15816,2,2
15817,1,1
15818,4,2
15819,1,1
15820,9,4
15821,7,4
15822,29,21
15823,1,1
15824,1,1
15825,1,1
15826,1,1
15827,1,1
15828,4,3
15829,3,3
15830,2,2
15831,1,1
15832,1,1
15833,4,4
15834,1,1
15835,1,1
15836,1,1
15837,1,1
15838,1,1
15839,1,1
15840,1,1
15841,2,1
15842,1,1
15843,1,1
15844,2,2
15845,1,1
15846,1,1
15847,1,1
15848,1,1
15849,1,1
15850,1,1
15851,1,1
15852,1,1
15853,1,1
15854,1,1
15855,2,2
15856,1,1
15857,3,2
15858,1,1
15859,1,1
15860,1,1
15861,1,1
15862,1,1
15863,2,2
15864,1,1
15865,1,1
15866,3,3
15867,11,9
15868,1,1
15869,1,1
15870,1,1
15871,9,7
15872,4,3
15873,17,10
15874,2,2
15875,5,5
15876,10,10
15877,3,3
15878,1,1
15879,1,1
15880,1,1
15881,2,2
15882,1,1
15883,1,1
15884,2,2
15885,1,1
15886,1,1
15887,1,1
15888,1,1
15889,1,1
15890,1,1
15891,1,1
15892,1,1
15893,13,7
15894,6,6
15895,16,16
15896,10,6
15897,1,1
15898,22,14
15899,8,5
15900,1,1
15901,1,1
15902,2,1
15903,2,2
15904,2,2
15905,6,4
15906,1,1
15907,2,1
15908,1,1
15909,1,1
15910,8,6
15911,1,1
15912,1,1
15913,1,1
15914,1,1
15915,24,12
15916,1,1
15917,1,1
15918,2,1
15919,1,1
15920,1,1
15921,2,1
15922,1,1
15923,1,1
15924,1,1
15925,2,2
15926,7,7
15927,3,3
15928,1,1
15929,1,1
15930,1,1
15931,3,3
15932,4,3
15933,2,2
15934,1,1
15935,1,1
15936,1,1
15937,1,1
15938,1,1
15939,1,1
15940,1,1
15941,1,1
15942,2,2
15943,1,1
15944,2,1
15945,1,1
15946,1,1
15947,1,1
15948,2,2
15949,1,1
15950,1,1
15951,1,1
15952,1,1
15953,1,1
15954,2,2
15955,2,2
15956,1,1
15957,1,1
15958,1,1
15959,1,1
15960,1,1
15961,2,2
15962,1,1
15963,1,1
15964,2,2
15965,1,1
15966,1,1
15967,1,1
15968,1,1
15969,1,1
15970,1,1
15971,13,7
15972,1,1
15973,1,1
15974,2,2
15975,1,1
15976,18,8
15977,1,1
15978,2,2
15979,1,1
15980,1,1
15981,2,2
15982,1,1
15983,1,1
15984,1,1
15985,2,2
15986,1,1
15987,1,1
15988,1,1
15989,1,1
15990,1,1
15991,6,4
15992,1,1
15993,1,1
15994,1,1
15995,1,1
15996,1,1
15997,1,1
15998,1,1
15999,1,1
16000,1,1
16001,1,1
16002,1,1
16003,2,2
16004,1,1
16005,2,2
16006,43,21
16007,1,1
16008,1,1
16009,8,6
16010,1,1
16011,2,2
16012,1,1
16013,1,1
16014,2,1
16015,1,1
16016,12,8
16017,2,2
16018,6,4
16019,1,1
16020,1,1
16021,1,1
16022,1,1
16023,2,1
16024,1,1
16025,1,1
16026,2,2
16027,1,1
16028,2,2
16029,2,2
16030,1,1
16031,4,4
16032,2,2
16033,1,1
16034,7,5
16035,1,1
16036,2,1
16037,1,1
16038,1,1
16039,1,1
16040,19,13
16041,4,3
16042,1,1
16043,4,3
16044,2,2
16045,1,1
16046,1,1
16047,1,1
16048,1,1
16049,2,2
16050,4,3
16051,1,1
16052,4,3
16053,1,1
16054,1,1
16055,1,1
16056,1,1
16057,1,1
16058,2,2
16059,1,1
16060,1,1
16061,1,1
16062,1,1
16063,2,1
16064,1,1
16065,1,1
16066,1,1
16067,1,1
16068,4,2
16069,1,1
16070,2,2
16071,1,1
16072,1,1
16073,1,1
16074,5,3
16075,1,1
16076,1,1
16077,3,1
16078,1,1
16079,2,2
16080,1,1
16081,2,1
16082,1,1
16083,1,1
16084,1,1
16085,1,1
16086,1,1
16087,1,1
16088,3,3
16089,1,1
16090,2,2
16091,1,1
16092,7,5
16093,2,1
16094,1,1
16095,6,4
16096,1,1
16097,1,1
16098,1,1
16099,1,1
16100,1,1
16101,1,1
16102,1,1
16103,1,1
16104,1,1
16105,1,1
16106,1,1
16107,2,2
16108,2,2
16109,1,1
16110,1,1
16111,1,1
16112,1,1
16113,1,1
16114,1,1
16115,1,1
16116,1,1
16117,4,3
16118,1,1
16119,2,2
16120,26,17
16121,6,5
16122,1,1
16123,6,4
16124,1,1
16125,1,1
16126,1,1
16127,2,2
16128,1,1
16129,1,1
16130,3,3
16131,3,2
16132,1,1
16133,1,1
16134,80,30
16135,1,1
16136,1,1
16137,1,1
16138,8,3
16139,1,1
16140,5,5
16141,1,1
16142,1,1
16143,1,1
16144,1,1
16145,6,3
16146,1,1
16147,2,2
16148,1,1
16149,1,1
16150,1,1
16151,1,1
16152,1,1
16153,1,1
16154,1,1
16155,1,1
16156,1,1
16157,1,1
16158,1,1
16159,1,1
16160,2,2
16161,1,1
16162,1,1
16163,1,1
16164,1,1
16165,3,2
16166,1,1
16167,1,1
16168,2,1
16169,1,1
16170,1,1
16171,8,7
16172,31,19
16173,1,1
16174,11,8
16175,2,2
16176,2,2
16177,2,2
16178,1,1
16179,1,1
16180,1,1
16181,1,1
16182,1,1
16183,1,1
16184,1,1
16185,1,1
16186,1,1
16187,3,2
16188,3,3
16189,1,1
16190,6,3
16191,1,1
16192,1,1
16193,5,5
16194,2,2
16195,1,1
16196,1,1
16197,2,2
16198,10,8
16199,1,1
16200,1,1
16201,1,1
16202,1,1
16203,1,1
16204,1,1
16205,1,1
16206,2,2
16207,3,3
16208,2,2
16209,1,1
16210,1,1
16211,2,2
16212,2,2
16213,1,1
16214,1,1
16215,1,1
16216,1,1
16217,1,1
16218,1,1
16219,1,1
16220,1,1
16221,3,2
16222,156,53
16223,1,1
16224,2,2
16225,1,1
16226,1,1
16227,1,1
16228,4,4
16229,1,1
16230,2,2
16231,2,2
16232,2,2
16233,1,1
16234,1,1
16235,1,1
16236,1,1
16237,1,1
16238,2,1
16239,1,1
16240,3,3
16241,1,1
16242,3,2
16243,2,2
16244,2,1
16245,1,1
16246,1,1
16247,3,2
16248,6,3
16249,72,49
16250,1,1
16251,2,2
16252,1,1
16253,1,1
16254,2,2
16255,2,2
16256,2,2
16257,1,1
16258,1,1
16259,1,1
16260,1,1
16261,1,1
16262,2,2
16263,1,1
16264,1,1
16265,1,1
16266,1,1
16267,1,1
16268,2,1
16269,69,43
16270,1,1
16271,1,1
16272,2,2
16273,1,1
16274,1,1
16275,1,1
16276,1,1
16277,1,1
16278,1,1
16279,1,1
16280,1,1
16281,1,1
16282,1,1
16283,1,1
16284,1,1
16285,1,1
16286,3,2
16287,1,1
16288,1,1
16289,1,1
16290,1,1
16291,1,1
16292,1,1
16293,1,1
16294,1,1
16295,2,2
16296,4,2
16297,3,2
16298,1,1
16299,1,1
16300,1,1
16301,2,1
16302,1,1
16303,3,3
16304,1,1
16305,1,1
16306,3,2
16307,1,1
16308,1,1
16309,1,1
16310,1,1
16311,1,1
16312,1,1
16313,1,1
16314,9,8
16315,1,1
16316,4,3
16317,1,1
16318,1,1
16319,1,1
16320,6,5
16321,4,4
16322,4,4
16323,5,3
16324,1,1
16325,1,1
16326,5,3
16327,1,1
16328,2,2
16329,3,2
16330,1,1
16331,8,7
16332,1,1
16333,1,1
16334,1,1
16335,1,1
16336,14,7
16337,1,1
16338,1,1
16339,1,1
16340,1,1
16341,1,1
16342,3,3
16343,1,1
16344,2,2
16345,2,2
16346,2,2
16347,3,3
16348,2,2
16349,1,1
16350,1,1
16351,8,7
16352,2,2
16353,2,2
16354,52,21
16355,4,4
16356,90,51
16357,1,1
16358,36,21
16359,11,7
16360,1,1
16361,2,1
16362,2,1
16363,1,1
16364,2,2
16365,10,6
16366,1,1
16367,1,1
16368,2,2
16369,1,1
16370,2,2
16371,1,1
16372,3,2
16373,1,1
16374,3,3
16375,14,13
16376,1,1
16377,49,31
16378,5,4
16379,14,6
16380,3,2
16381,1,1
16382,1,1
16383,1,1
16384,1,1
16385,2,2
16386,1,1
16387,7,7
16388,1,1
16389,1,1
16390,7,7
16391,2,2
16392,2,1
16393,1,1
16394,2,1
16395,3,2
16396,1,1
16397,1,1
16398,2,2
16399,1,1
16400,1,1
16401,2,2
16402,6,6
16403,1,1
16404,1,1
16405,1,1
16406,2,2
16407,1,1
16408,1,1
16409,2,2
16410,1,1
16411,1,1
16412,1,1
16413,2,2
16414,1,1
16415,1,1
16416,1,1
16417,1,1
16418,1,1
16419,1,1
16420,1,1
16421,2,2
16422,1,1
16423,1,1
16424,1,1
16425,1,1
16426,1,1
16427,2,2
16428,1,1
16429,1,1
16430,1,1
16431,1,1
16432,2,2
16433,3,2
16434,5,4
16435,1,1
16436,1,1
16437,1,1
16438,1,1
16439,4,4
16440,19,10
16441,1,1
16442,2,2
16443,1,1
16444,2,2
16445,5,4
16446,1,1
16447,4,4
16448,1,1
16449,1,1
16450,1,1
16451,1,1
16452,1,1
16453,2,1
16454,1,1
16455,1,1
16456,3,3
16457,1,1
16458,1,1
16459,1,1
16460,1,1
16461,3,3
16462,3,2
16463,1,1
16464,1,1
16465,3,2
16466,1,1
16467,3,2
16468,2,2
16469,1,1
16470,1,1
16471,2,2
16472,1,1
16473,3,2
16474,2,1
16475,1,1
16476,3,2
16477,1,1
16478,3,2
16479,30,9
16480,1,1
16481,2,2
16482,1,1
16483,2,2
16484,2,1
16485,2,1
16486,2,2
16487,1,1
16488,2,2
16489,1,1
16490,2,2
16491,1,1
16492,6,3
16493,1,1
16494,1,1
16495,3,3
16496,1,1
16497,1,1
16498,1,1
16499,1,1
16500,1,1
16501,1,1
16502,1,1
16503,1,1
16504,55,21
16505,1,1
16506,3,3
16507,3,2
16508,1,1
16509,1,1
16510,1,1
16511,1,1
16512,1,1
16513,5,5
16514,1,1
16515,1,1
16516,2,1
16517,3,3
16518,2,2
16519,1,1
16520,1,1
16521,1,1
16522,2,2
16523,2,2
16524,1,1
16525,1,1
16526,1,1
16527,23,20
16528,5,3
16529,1,1
16530,20,9
16531,2,1
16532,1,1
16533,1,1
16534,2,2
16535,1,1
16536,1,1
16537,1,1
16538,1,1
16539,3,3
16540,1,1
16541,1,1
16542,1,1
16543,2,1
16544,3,2
16545,3,3
16546,2,2
16547,1,1
16548,3,2
16549,1,1
16550,8,6
16551,1,1
16552,1,1
16553,4,3
16554,3,3
16555,1,1
16556,8,5
16557,6,4
16558,1,1
16559,1,1
16560,1,1
16561,4,3
16562,1,1
16563,5,5
16564,3,3
16565,2,2
16566,1,1
16567,1,1
16568,1,1
16569,1,1
16570,1,1
16571,1,1
16572,1,1
16573,1,1
16574,3,3
16575,1,1
16576,8,4
16577,1,1
16578,1,1
16579,1,1
16580,4,3
16581,3,3
16582,5,4
16583,1,1
16584,1,1
16585,4,3
16586,1,1
16587,2,2
16588,7,5
16589,2,1
16590,1,1
16591,1,1
16592,1,1
16593,1,1
16594,5,3
16595,1,1
16596,1,1
16597,1,1
16598,2,1
16599,1,1
16600,1,1
16601,1,1
16602,1,1
16603,1,1
16604,2,2
16605,1,1
16606,4,3
16607,93,32
16608,2,2
16609,2,2
16610,5,3
16611,1,1
16612,4,3
16613,35,14
16614,1,1
16615,1,1
16616,1,1
16617,1,1
16618,4,4
16619,3,2
16620,1,1
16621,1,1
16622,1,1
16623,1,1
16624,3,3
16625,2,1
16626,17,9
16627,1,1
16628,1,1
16629,1,1
16630,1,1
16631,1,1
16632,1,1
16633,4,2
16634,1,1
16635,1,1
16636,1,1
16637,1,1
16638,2,2
16639,2,2
16640,1,1
16641,1,1
16642,1,1
16643,12,8
16644,1,1
16645,1,1
16646,1,1
16647,2,2
16648,2,2
16649,1,1
16650,1,1
16651,2,2
16652,1,1
16653,1,1
16654,1,1
16655,2,2
16656,1,1
16657,1,1
16658,1,1
16659,3,3
16660,2,2
16661,3,2
16662,3,3
16663,1,1
16664,4,3
16665,3,3
16666,1,1
16667,2,2
16668,3,3
16669,6,4
16670,2,2
16671,1,1
16672,2,1
16673,1,1
16674,9,6
16675,1,1
16676,1,1
16677,1,1
16678,4,2
16679,1,1
16680,3,2
16681,1,1
16682,1,1
16683,1,1
16684,1,1
16685,1,1
16686,1,1
16687,1,1
16688,1,1
16689,1,1
16690,1,1
16691,1,1
16692,4,4
16693,1,1
16694,11,7
16695,8,5
16696,2,2
16697,1,1
16698,1,1
16699,2,2
16700,2,2
16701,2,2
16702,1,1
16703,38,22
16704,2,2
16705,7,5
16706,2,1
16707,1,1
16708,2,2
16709,2,2
16710,32,25
16711,3,2
16712,1,1
16713,3,2
16714,1,1
16715,1,1
16716,1,1
16717,2,2
16718,1,1
16719,1,1
16720,1,1
16721,3,2
16722,1,1
16723,3,3
16724,1,1
16725,1,1
16726,2,1
16727,14,14
16728,20,12
16729,6,4
16730,1,1
16731,1,1
16732,16,10
16733,1,1
16734,1,1
16735,3,3
16736,1,1
16737,10,6
16738,1,1
16739,4,4
16740,7,4
16741,20,15
16742,4,4
16743,5,4
16744,1,1
16745,2,2
16746,1,1
16747,1,1
16748,1,1
16749,2,2
16750,1,1
16751,1,1
16752,2,1
16753,1,1
16754,1,1
16755,7,4
16756,1,1
16757,2,2
16758,1,1
16759,1,1
16760,8,4
16761,1,1
16762,5,5
16763,1,1
16764,1,1
16765,1,1
16766,1,1
16767,1,1
16768,1,1
16769,1,1
16770,2,1
16771,1,1
16772,2,1
16773,1,1
16774,1,1
16775,1,1
16776,1,1
16777,3,2
16778,1,1
16779,1,1
16780,1,1
16781,1,1
16782,10,6
16783,1,1
16784,1,1
16785,2,1
16786,2,2
16787,22,10
16788,1,1
16789,5,5
16790,1,1
16791,15,10
16792,4,4
16793,1,1
16794,1,1
16795,2,2
16796,1,1
16797,2,1
16798,1,1
16799,1,1
16800,1,1
16801,1,1
16802,4,3
16803,1,1
16804,7,5
16805,1,1
16806,4,3
16807,1,1
16808,1,1
16809,1,1
16810,1,1
16811,1,1
16812,7,5
16813,1,1
16814,1,1
16815,1,1
16816,2,2
16817,1,1
16818,1,1
16819,3,2
16820,1,1
16821,1,1
16822,1,1
16823,1,1
16824,1,1
16825,1,1
16826,1,1
16827,1,1
16828,5,2
16829,3,2
16830,1,1
16831,1,1
16832,1,1
16833,1,1
16834,1,1
16835,3,2
16836,1,1
16837,1,1
16838,1,1
16839,1,1
16840,1,1
16841,1,1
16842,5,3
16843,4,2
16844,1,1
16845,1,1
16846,2,2
16847,1,1
16848,1,1
16849,1,1
16850,26,11
16851,1,1
16852,3,3
16853,1,1
16854,4,3
16855,1,1
16856,3,3
16857,2,2
16858,1,1
16859,1,1
16860,9,8
16861,1,1
16862,2,1
16863,2,2
16864,1,1
16865,4,4
16866,1,1
16867,1,1
16868,2,2
16869,3,3
16870,5,5
16871,1,1
16872,5,3
16873,15,11
16874,1,1
16875,16,9
16876,1,1
16877,1,1
16878,2,1
16879,33,15
16880,1,1
16881,1,1
16882,2,2
16883,1,1
16884,1,1
16885,1,1
16886,1,1
16887,3,3
16888,1,1
16889,1,1
16890,3,2
16891,1,1
16892,1,1
16893,1,1
16894,2,2
16895,1,1
16896,5,5
16897,18,14
16898,6,6
16899,44,20
16900,3,3
16901,7,7
16902,1,1
16903,5,4
16904,7,5
16905,1,1
16906,1,1
16907,1,1
16908,3,3
16909,1,1
16910,1,1
16911,3,3
16912,2,1
16913,10,7
16914,1,1
16915,4,4
16916,1,1
16917,1,1
16918,1,1
16919,1,1
16920,2,2
16921,4,3
16922,1,1
16923,2,2
16924,21,7
16925,3,3
16926,12,8
16927,3,3
16928,1,1
16929,1,1
16930,1,1
16931,1,1
16932,3,2
16933,1,1
16934,1,1
16935,1,1
16936,1,1
16937,1,1
16938,2,1
16939,1,1
16940,1,1
16941,1,1
16942,1,1
16943,2,2
16944,1,1
16945,2,1
16946,1,1
16947,1,1
16948,3,2
16949,3,2
16950,1,1
16951,1,1
16952,1,1
16953,1,1
16954,10,8
16955,1,1
16956,1,1
16957,2,2
16958,1,1
16959,2,1
16960,28,26
16961,1,1
16962,1,1
16963,1,1
16964,1,1
16965,1,1
16966,4,3
16967,1,1
16968,1,1
16969,2,1
16970,1,1
16971,4,3
16972,1,1
16973,6,6
16974,1,1
16975,2,2
16976,2,2
16977,6,3
16978,1,1
16979,1,1
16980,2,2
16981,10,5
16982,3,3
16983,2,2
16984,1,1
16985,1,1
16986,1,1
16987,1,1
16988,1,1
16989,1,1
16990,25,10
16991,1,1
16992,1,1
16993,1,1
16994,3,2
16995,4,3
16996,1,1
16997,33,19
16998,4,3
16999,1,1
17000,1,1
17001,1,1
17002,1,1
17003,1,1
17004,1,1
17005,5,5
17006,1,1
17007,1,1
17008,1,1
17009,1,1
17010,1,1
17011,1,1
17012,1,1
17013,1,1
17014,1,1
17015,1,1
17016,1,1
17017,1,1
17018,1,1
17019,1,1
17020,1,1
17021,1,1
17022,1,1
17023,1,1
17024,77,50
17025,1,1
17026,1,1
17027,1,1
17028,1,1
17029,2,2
17030,4,4
17031,5,4
17032,2,2
17033,2,2
17034,6,4
17035,2,2
17036,1,1
17037,2,2
17038,1,1
17039,1,1
17040,1,1
17041,1,1
17042,1,1
17043,3,2
17044,2,2
17045,1,1
17046,1,1
17047,1,1
17048,1,1
17049,2,2
17050,14,9
17051,2,2
17052,1,1
17053,2,2
17054,4,3
17055,1,1
17056,3,2
17057,1,1
17058,3,2
17059,2,2
17060,2,2
17061,4,4
17062,1,1
17063,11,9
17064,1,1
17065,2,2
17066,3,3
17067,1,1
17068,2,2
17069,2,2
17070,2,2
17071,7,3
17072,1,1
17073,2,2
17074,1,1
17075,1,1
17076,2,2
17077,4,4
17078,4,4
17079,1,1
17080,2,2
17081,2,2
17082,9,6
17083,1,1
17084,3,2
17085,2,2
17086,8,8
17087,1,1
17088,1,1
17089,1,1
17090,1,1
17091,2,1
17092,1,1
17093,1,1
17094,1,1
17095,1,1
17096,1,1
17097,5,4
17098,3,3
17099,1,1
17100,1,1
17101,1,1
17102,1,1
17103,1,1
17104,1,1
17105,1,1
17106,4,3
17107,1,1
17108,2,1
17109,1,1
17110,3,3
17111,1,1
17112,1,1
17113,1,1
17114,1,1
17115,1,1
17116,3,2
17117,1,1
17118,2,2
17119,2,2
17120,1,1
17121,2,2
17122,1,1
17123,1,1
17124,1,1
17125,1,1
17126,1,1
17127,4,4
17128,2,2
17129,1,1
17130,2,2
17131,1,1
17132,1,1
17133,3,2
17134,1,1
17135,1,1
17136,2,2
17137,2,1
17138,1,1
17139,6,4
17140,2,2
17141,2,2
17142,6,4
17143,1,1
17144,1,1
17145,5,4
17146,1,1
17147,1,1
17148,3,3
17149,1,1
17150,1,1
17151,1,1
17152,1,1
17153,1,1
17154,1,1
17155,2,2
17156,2,2
17157,13,10
17158,1,1
17159,9,7
17160,1,1
17161,2,1
17162,1,1
17163,2,2
17164,1,1
17165,7,4
17166,1,1
17167,3,3
17168,1,1
17169,24,15
17170,1,1
17171,9,6
17172,1,1
17173,1,1
17174,1,1
17175,2,2
17176,1,1
17177,2,2
17178,16,16
17179,1,1
17180,5,3
17181,2,2
17182,1,1
17183,1,1
17184,6,3
17185,1,1
17186,1,1
17187,1,1
17188,1,1
17189,1,1
17190,1,1
17191,5,3
17192,1,1
17193,9,9
17194,11,7
17195,2,2
17196,2,2
17197,2,2
17198,2,2
17199,2,2
17200,14,7
17201,2,2
17202,1,1
17203,2,2
17204,1,1
17205,1,1
17206,1,1
17207,1,1
17208,2,2
17209,1,1
17210,4,3
17211,2,2
17212,1,1
17213,1,1
17214,1,1
17215,2,2
17216,6,5
17217,1,1
17218,5,3
17219,3,2
17220,2,2
17221,2,2
17222,2,2
17223,1,1
17224,1,1
17225,1,1
17226,3,2
17227,2,2
17228,2,2
17229,6,6
17230,1,1
17231,1,1
17232,3,2
17233,2,2
17234,1,1
17235,1,1
17236,2,1
17237,1,1
17238,1,1
17239,1,1
17240,5,4
17241,1,1
17242,1,1
17243,1,1
17244,1,1
17245,4,3
17246,1,1
17247,2,2
17248,1,1
17249,1,1
17250,1,1
17251,1,1
17252,1,1
17253,42,22
17254,3,2
17255,5,5
17256,1,1
17257,1,1
17258,2,2
17259,1,1
17260,6,4
17261,1,1
17262,1,1
17263,1,1
17264,1,1
17265,1,1
17266,1,1
17267,2,1
17268,1,1
17269,1,1
17270,1,1
17271,1,1
17272,1,1
17273,2,2
17274,4,3
17275,11,4
17276,6,6
17277,3,2
17278,1,1
17279,1,1
17280,1,1
17281,3,3
17282,11,8
17283,1,1
17284,2,1
17285,1,1
17286,1,1
17287,1,1
17288,1,1
17289,1,1
17290,1,1
17291,1,1
17292,1,1
17293,1,1
17294,1,1
17295,1,1
17296,1,1
17297,1,1
17298,3,2
17299,1,1
17300,1,1
17301,1,1
17302,2,2
17303,2,1
17304,2,2
17305,1,1
17306,2,2
17307,1,1
17308,1,1
17309,1,1
17310,1,1
17311,1,1
17312,1,1
17313,1,1
17314,3,3
17315,1,1
17316,1,1
17317,6,3
17318,1,1
17319,2,2
17320,1,1
17321,1,1
17322,1,1
17323,1,1
17324,3,2
17325,1,1
17326,1,1
17327,1,1
17328,42,12
17329,1,1
17330,2,2
17331,2,2
17332,1,1
17333,1,1
17334,1,1
17335,4,3
17336,5,3
17337,3,3
17338,1,1
17339,1,1
17340,1,1
17341,2,2
17342,1,1
17343,8,6
17344,1,1
17345,1,1
17346,4,2
17347,96,40
17348,1,1
17349,1,1
17350,1,1
17351,1,1
17352,1,1
17353,1,1
17354,12,6
17355,1,1
17356,3,2
17357,2,2
17358,1,1
17359,1,1
17360,1,1
17361,1,1
17362,2,2
17363,1,1
17364,1,1
17365,1,1
17366,3,3
17367,1,1
17368,1,1
17369,2,1
17370,3,2
17371,1,1
17372,6,4
17373,1,1
17374,1,1
17375,1,1
17376,1,1
17377,3,3
17378,1,1
17379,1,1
17380,1,1
17381,1,1
17382,3,3
17383,16,11
17384,1,1
17385,4,3
17386,4,3
17387,1,1
17388,1,1
17389,2,2
17390,7,4
17391,1,1
17392,2,2
17393,1,1
17394,12,8
17395,2,2
17396,1,1
17397,1,1
17398,1,1
17399,3,3
17400,1,1
17401,1,1
17402,1,1
17403,2,1
17404,2,1
17405,4,3
17406,23,15
17407,1,1
17408,1,1
17409,1,1
17410,1,1
17411,1,1
17412,2,2
17413,3,1
17414,3,3
17415,1,1
17416,1,1
17417,3,2
17418,10,5
17419,27,25
17420,3,3
17421,5,5
17422,2,2
17423,23,13
17424,1,1
17425,1,1
17426,3,2
17427,1,1
17428,2,1
17429,2,2
17430,4,3
17431,1,1
17432,1,1
17433,13,12
17434,2,2
17435,1,1
17436,1,1
17437,1,1
17438,1,1
17439,1,1
17440,1,1
17441,1,1
17442,1,1
17443,1,1
17444,2,2
17445,1,1
17446,1,1
17447,7,5
17448,1,1
17449,1,1
17450,3,2
17451,1,1
17452,3,2
17453,2,2
17454,4,4
17455,3,3
17456,1,1
17457,1,1
17458,1,1
17459,10,6
17460,4,4
17461,51,28
17462,7,6
17463,16,6
17464,2,2
17465,1,1
17466,2,1
17467,1,1
17468,3,2
17469,1,1
17470,1,1
17471,1,1
17472,3,3
17473,4,3
17474,1,1
17475,1,1
17476,1,1
17477,1,1
17478,1,1
17479,1,1
17480,2,2
17481,1,1
17482,1,1
17483,1,1
17484,1,1
17485,1,1
17486,1,1
17487,2,1
17488,1,1
17489,1,1
17490,3,2
17491,1,1
17492,1,1
17493,8,6
17494,1,1
17495,6,5
17496,1,1
17497,1,1
17498,5,3
17499,1,1
17500,2,2
17501,27,19
17502,2,2
17503,1,1
17504,1,1
17505,1,1
17506,1,1
17507,1,1
17508,3,3
17509,1,1
17510,1,1
17511,1,1
17512,1,1
17513,1,1
17514,3,2
17515,1,1
17516,1,1
17517,1,1
17518,24,21
17519,1,1
17520,1,1
17521,2,1
17522,1,1
17523,1,1
17524,1,1
17525,1,1
17526,1,1
17527,5,4
17528,1,1
17529,1,1
17530,4,4
17531,110,42
17532,1,1
17533,1,1
17534,1,1
17535,1,1
17536,2,1
17537,1,1
17538,6,5
17539,109,36
17540,2,1
17541,1,1
17542,1,1
17543,1,1
17544,20,12
17545,1,1
17546,1,1
17547,1,1
17548,2,2
17549,1,1
17550,1,1
17551,1,1
17552,5,3
17553,8,6
17554,1,1
17555,4,3
17556,1,1
17557,2,2
17558,2,2
17559,1,1
17560,12,6
17561,2,2
17562,1,1
17563,92,36
17564,1,1
17565,1,1
17566,7,4
17567,1,1
17568,1,1
17569,3,3
17570,1,1
17571,1,1
17572,1,1
17573,1,1
17574,2,2
17575,1,1
17576,1,1
17577,1,1
17578,1,1
17579,9,7
17580,1,1
17581,4,3
17582,1,1
17583,1,1
17584,1,1
17585,1,1
17586,1,1
17587,1,1
17588,1,1
17589,2,2
17590,2,2
17591,1,1
17592,2,2
17593,1,1
17594,4,4
17595,1,1
17596,2,2
17597,1,1
17598,2,2
17599,1,1
17600,2,2
17601,1,1
17602,1,1
17603,1,1
17604,2,2
17605,1,1
17606,1,1
17607,1,1
17608,7,4
17609,1,1
17610,1,1
17611,1,1
17612,5,5
17613,5,3
17614,1,1
17615,3,2
17616,1,1
17617,1,1
17618,1,1
17619,1,1
17620,1,1
17621,1,1
17622,1,1
17623,1,1
17624,1,1
17625,2,1
17626,4,2
17627,2,2
17628,1,1
17629,1,1
17630,11,4
17631,15,14
17632,1,1
17633,1,1
17634,1,1
17635,2,2
17636,1,1
17637,1,1
17638,2,2
17639,1,1
17640,1,1
17641,3,2
17642,1,1
17643,1,1
17644,3,2
17645,2,2
17646,1,1
17647,3,3
17648,1,1
17649,1,1
17650,1,1
17651,8,6
17652,1,1
17653,5,5
17654,2,2
17655,1,1
17656,1,1
17657,5,2
17658,1,1
17659,1,1
17660,2,1
17661,1,1
17662,2,2
17663,3,2
17664,1,1
17665,2,2
17666,1,1
17667,1,1
17668,3,3
17669,1,1
17670,1,1
17671,6,4
17672,1,1
17673,4,3
17674,1,1
17675,1,1
17676,3,3
17677,5,4
17678,1,1
17679,2,1
17680,1,1
17681,1,1
17682,1,1
17683,1,1
17684,1,1
17685,1,1
17686,1,1
17687,3,3
17688,1,1
17689,3,2
17690,1,1
17691,1,1
17692,3,2
17693,1,1
17694,1,1
17695,1,1
17696,3,2
17697,1,1
17698,2,1
17699,15,12
17700,1,1
17701,1,1
17702,2,2
17703,1,1
17704,3,2
17705,1,1
17706,1,1
17707,1,1
17708,1,1
17709,1,1
17710,2,2
17711,1,1
17712,2,2
17713,1,1
17714,1,1
17715,1,1
17716,2,1
17717,1,1
17718,1,1
17719,3,2
17720,2,2
17721,1,1
17722,2,2
17723,1,1
17724,1,1
17725,1,1
17726,2,2
17727,3,3
17728,3,3
17729,2,1
17730,1,1
17731,1,1
17732,1,1
17733,1,1
17734,1,1
17735,3,3
17736,1,1
17737,1,1
17738,1,1
17739,1,1
17740,2,2
17741,5,5
17742,1,1
17743,3,2
17744,1,1
17745,1,1
17746,1,1
17747,1,1
17748,3,1
17749,1,1
17750,1,1
17751,1,1
17752,1,1
17753,2,1
17754,1,1
17755,1,1
17756,2,2
17757,6,6
17758,57,17
17759,1,1
17760,5,3
17761,1,1
17762,1,1
17763,1,1
17764,1,1
17765,1,1
17766,3,3
17767,1,1
17768,67,38
17769,6,5
17770,1,1
17771,8,6
17772,3,3
17773,2,2
17774,3,2
17775,21,13
17776,1,1
17777,1,1
17778,1,1
17779,1,1
17780,2,1
17781,2,2
17782,1,1
17783,4,3
17784,1,1
17785,5,3
17786,1,1
17787,2,1
17788,7,3
17789,1,1
17790,3,2
17791,1,1
17792,1,1
17793,2,2
17794,1,1
17795,1,1
17796,2,2
17797,8,8
17798,12,10
17799,1,1
17800,50,37
17801,2,2
17802,2,2
17803,3,3
17804,1,1
17805,2,2
17806,1,1
17807,5,4
17808,3,2
17809,1,1
17810,1,1
17811,3,2
17812,2,2
17813,1,1
17814,11,8
17815,22,14
17816,3,2
17817,1,1
17818,2,2
17819,11,4
17820,1,1
17821,27,21
17822,1,1
17823,1,1
17824,1,1
17825,1,1
17826,1,1
17827,1,1
17828,1,1
17829,1,1
17830,1,1
17831,1,1
17832,2,2
17833,1,1
17834,1,1
17835,7,4
17836,1,1
17837,3,2
17838,1,1
17839,6,6
17840,1,1
17841,10,10
17842,2,2
17843,2,2
17844,1,1
17845,1,1
17846,1,1
17847,2,2
17848,1,1
17849,24,21
17850,5,5
17851,4,4
17852,1,1
17853,1,1
17854,1,1
17855,3,2
17856,1,1
17857,1,1
17858,2,2
17859,1,1
17860,2,2
17861,6,6
17862,2,1
17863,1,1
17864,1,1
17865,1,1
17866,1,1
17867,1,1
17868,1,1
17869,1,1
17870,7,7
17871,1,1
17872,1,1
17873,1,1
17874,1,1
17875,7,4
17876,1,1
17877,1,1
17878,8,4
17879,1,1
17880,1,1
17881,2,1
17882,1,1
17883,1,1
17884,2,2
17885,1,1
17886,1,1
17887,1,1
17888,1,1
17889,1,1
17890,3,3
17891,1,1
17892,14,8
17893,1,1
17894,1,1
17895,1,1
17896,1,1
17897,1,1
17898,3,2
17899,1,1
17900,1,1
17901,1,1
17902,1,1
17903,1,1
17904,2,2
17905,2,2
17906,1,1
17907,3,3
17908,1,1
17909,2,2
17910,1,1
17911,4,2
17912,1,1
17913,5,4
17914,1,1
17915,1,1
17916,1,1
17917,8,7
17918,3,3
17919,1,1
17920,1,1
17921,2,2
17922,2,2
17923,2,2
17924,1,1
17925,1,1
17926,2,2
17927,5,3
17928,1,1
17929,4,4
17930,1,1
17931,2,2
17932,1,1
17933,5,5
17934,2,2
17935,4,3
17936,1,1
17937,4,4
17938,5,3
17939,1,1
17940,1,1
17941,1,1
17942,4,3
17943,1,1
17944,1,1
17945,1,1
17946,11,7
17947,12,9
17948,1,1
17949,1,1
17950,2,1
17951,12,8
17952,1,1
17953,1,1
17954,1,1
17955,2,2
17956,1,1
17957,2,2
17958,1,1
17959,1,1
17960,1,1
17961,1,1
17962,1,1
17963,2,2
17964,4,3
17965,1,1
17966,1,1
17967,1,1
17968,1,1
17969,2,2
17970,2,2
17971,1,1
17972,1,1
17973,2,1
17974,23,15
17975,1,1
17976,28,12
17977,3,2
17978,1,1
17979,2,2
17980,1,1
17981,1,1
17982,1,1
17983,1,1
17984,1,1
17985,1,1
17986,1,1
17987,1,1
17988,2,2
17989,1,1
17990,1,1
17991,3,2
17992,1,1
17993,1,1
17994,2,2
17995,1,1
17996,1,1
17997,17,16
17998,56,24
17999,3,2
18000,1,1
18001,2,2
18002,1,1
18003,1,1
18004,3,3
18005,1,1
18006,1,1
18007,1,1
18008,1,1
18009,3,3
18010,1,1
18011,1,1
18012,1,1
18013,1,1
18014,1,1
18015,31,19
18016,3,2
18017,8,4
18018,1,1
18019,1,1
18020,4,4
18021,1,1
18022,4,2
18023,1,1
18024,3,3
18025,1,1
18026,1,1
18027,1,1
18028,2,2
18029,2,1
18030,1,1
18031,1,1
18032,1,1
18033,1,1
18034,1,1
18035,1,1
18036,1,1
18037,3,3
18038,1,1
18039,1,1
18040,1,1
18041,4,3
18042,7,4
18043,6,3
18044,1,1
18045,1,1
18046,2,2
18047,1,1
18048,23,21
18049,1,1
18050,1,1
18051,1,1
18052,2,1
18053,2,2
18054,1,1
18055,1,1
18056,4,4
18057,2,2
18058,1,1
18059,11,8
18060,1,1
18061,1,1
18062,1,1
18063,1,1
18064,4,3
18065,1,1
18066,1,1
18067,1,1
18068,2,2
18069,1,1
18070,1,1
18071,1,1
18072,1,1
18073,1,1
18074,12,9
18075,1,1
18076,1,1
18077,1,1
18078,3,2
18079,1,1
18080,1,1
18081,2,2
18082,2,1
18083,1,1
18084,4,3
18085,1,1
18086,1,1
18087,1,1
18088,14,7
18089,3,2
18090,1,1
18091,1,1
18092,1,1
18093,1,1
18094,1,1
18095,1,1
18096,1,1
18097,2,1
18098,2,1
18099,1,1
18100,1,1
18101,1,1
18102,1,1
18103,1,1
18104,1,1
18105,1,1
18106,1,1
18107,1,1
18108,1,1
18109,2,1
18110,3,2
18111,1,1
18112,2,2
18113,2,1
18114,5,2
18115,1,1
18116,1,1
18117,1,1
18118,1,1
18119,2,2
18120,1,1
18121,1,1
18122,1,1
18123,2,2
18124,1,1
18125,6,4
18126,1,1
18127,1,1
18128,1,1
18129,1,1
18130,2,1
18131,1,1
18132,3,2
18133,2,2
18134,1,1
18135,1,1
18136,1,1
18137,6,6
18138,42,42
18139,3,3
18140,2,2
18141,1,1
18142,3,2
18143,4,4
18144,6,6
18145,12,11
18146,5,4
18147,10,9
18148,2,2
18149,17,13
18150,1,1
18151,1,1
18152,133,38
18153,1,1
18154,4,4
18155,1,1
18156,2,2
18157,3,1
18158,1,1
18159,1,1
18160,1,1
18161,1,1
18162,2,2
18163,1,1
18164,2,1
18165,10,8
18166,2,2
18167,1,1
18168,2,1
18169,4,3
18170,1,1
18171,1,1
18172,3,3
18173,1,1
18174,4,3
18175,1,1
18176,1,1
18177,2,1
18178,1,1
18179,1,1
18180,1,1
18181,1,1
18182,1,1
18183,1,1
18184,1,1
18185,1,1
18186,17,9
18187,1,1
18188,4,3
18189,7,3
18190,1,1
18191,1,1
18192,5,4
18193,1,1
18194,5,4
18195,1,1
18196,1,1
18197,4,2
18198,11,11
18199,1,1
18200,3,3
18201,39,25
18202,1,1
18203,2,2
18204,1,1
18205,4,3
18206,1,1
18207,1,1
18208,2,1
18209,2,2
18210,3,3
18211,4,2
18212,3,2
18213,1,1
18214,1,1
18215,1,1
18216,3,3
18217,1,1
18218,1,1
18219,1,1
18220,1,1
18221,8,8
18222,2,2
18223,1,1
18224,1,1
18225,3,3
18226,78,21
18227,9,6
18228,2,2
18229,1,1
18230,1,1
18231,3,2
18232,1,1
18233,1,1
18234,1,1
18235,2,2
18236,5,5
18237,1,1
18238,1,1
18239,1,1
18240,1,1
18241,2,2
18242,2,1
18243,1,1
18244,4,2
18245,1,1
18246,1,1
18247,1,1
18248,1,1
18249,3,2
18250,2,2
18251,6,5
18252,1,1
18253,1,1
18254,1,1
18255,3,3
18256,2,2
18257,1,1
18258,1,1
18259,4,3
18260,2,2
18261,1,1
18262,1,1
18263,2,2
18264,1,1
18265,2,2
18266,1,1
18267,1,1
18268,1,1
18269,1,1
18270,2,2
18271,1,1
18272,8,5
18273,2,1
18274,2,2
18275,1,1
18276,1,1
18277,1,1
18278,1,1
18279,2,1
18280,1,1
18281,1,1
18282,2,1
18283,1,1
18284,1,1
18285,1,1
18286,4,3
18287,1,1
18288,1,1
18289,1,1
18290,1,1
18291,5,4
18292,5,4
18293,3,3
18294,16,11
18295,3,2
18296,1,1
18297,1,1
18298,3,2
18299,1,1
18300,4,4
18301,1,1
18302,1,1
18303,1,1
18304,1,1
18305,2,1
18306,1,1
18307,8,5
18308,1,1
18309,1,1
18310,1,1
18311,1,1
18312,1,1
18313,4,3
18314,1,1
18315,2,2
18316,1,1
18317,4,3
18318,1,1
18319,1,1
18320,3,2
18321,1,1
18322,1,1
18323,1,1
18324,1,1
18325,1,1
18326,1,1
18327,9,5
18328,1,1
18329,1,1
18330,3,2
18331,11,9
18332,1,1
18333,1,1
18334,2,2
18335,1,1
18336,1,1
18337,1,1
18338,1,1
18339,1,1
18340,3,3
18341,11,6
18342,1,1
18343,1,1
18344,3,2
18345,1,1
18346,1,1
18347,2,2
18348,4,2
18349,4,2
18350,1,1
18351,1,1
18352,4,3
18353,1,1
18354,3,2
18355,8,8
18356,1,1
18357,1,1
18358,1,1
18359,1,1
18360,1,1
18361,4,4
18362,1,1
18363,1,1
18364,11,7
18365,1,1
18366,1,1
18367,6,6
18368,2,2
18369,5,4
18370,1,1
18371,2,1
18372,2,2
18373,1,1
18374,5,4
18375,4,2
18376,1,1
18377,1,1
18378,1,1
18379,4,3
18380,1,1
18381,24,11
18382,1,1
18383,3,3
18384,1,1
18385,6,5
18386,1,1
18387,2,1
18388,3,3
18389,1,1
18390,2,2
18391,1,1
18392,1,1
18393,1,1
18394,4,4
18395,4,4
18396,3,2
18397,114,27
18398,3,2
18399,1,1
18400,1,1
18401,1,1
18402,9,7
18403,12,5
18404,1,1
18405,1,1
18406,1,1
18407,1,1
18408,1,1
18409,1,1
18410,1,1
18411,1,1
18412,1,1
18413,1,1
18414,1,1
18415,1,1
18416,1,1
18417,1,1
18418,2,2
18419,2,2
18420,1,1
18421,1,1
18422,1,1
18423,1,1
18424,1,1
18425,1,1
18426,2,2
18427,2,2
18428,2,2
18429,1,1
18430,1,1
18431,1,1
18432,1,1
18433,1,1
18434,1,1
18435,2,2
18436,2,2
18437,3,2
18438,3,2
18439,1,1
18440,1,1
18441,4,2
18442,1,1
18443,1,1
18444,1,1
18445,1,1
18446,2,2
18447,1,1
18448,1,1
18449,1,1
18450,1,1
18451,1,1
18452,10,7
18453,1,1
18454,1,1
18455,1,1
18456,1,1
18457,1,1
18458,1,1
18459,1,1
18460,1,1
18461,2,2
18462,1,1
18463,1,1
18464,1,1
18465,1,1
18466,2,2
18467,2,2
18468,2,2
18469,1,1
18470,2,1
18471,4,3
18472,1,1
18473,1,1
18474,3,2
18475,1,1
18476,1,1
18477,1,1
18478,17,12
18479,3,3
18480,2,2
18481,1,1
18482,1,1
18483,1,1
18484,1,1
18485,1,1
18486,1,1
18487,1,1
18488,1,1
18489,1,1
18490,1,1
18491,3,2
18492,2,2
18493,1,1
18494,1,1
18495,1,1
18496,1,1
18497,2,2
18498,3,3
18499,2,2
18500,3,2
18501,4,4
18502,1,1
18503,2,2
18504,1,1
18505,1,1
18506,3,2
18507,1,1
18508,1,1
18509,3,3
18510,1,1
18511,1,1
18512,6,6
18513,1,1
18514,5,3
18515,1,1
18516,1,1
18517,1,1
18518,17,7
18519,1,1
18520,3,3
18521,1,1
18522,31,13
18523,1,1
18524,1,1
18525,1,1
18526,21,9
18527,1,1
18528,1,1
18529,2,2
18530,1,1
18531,1,1
18532,6,4
18533,2,2
18534,3,2
18535,6,3
18536,3,2
18537,1,1
18538,1,1
18539,4,3
18540,2,2
18541,2,2
18542,3,3
18543,1,1
18544,1,1
18545,2,1
18546,1,1
18547,31,12
18548,1,1
18549,3,3
18550,4,4
18551,14,9
18552,1,1
18553,4,2
18554,1,1
18555,1,1
18556,3,2
18557,1,1
18558,1,1
18559,1,1
18560,3,2
18561,1,1
18562,2,2
18563,1,1
18564,3,2
18565,4,3
18566,1,1
18567,14,9
18568,1,1
18569,1,1
18570,1,1
18571,1,1
18572,2,1
18573,1,1
18574,24,14
18575,2,2
18576,1,1
18577,3,3
18578,1,1
18579,2,2
18580,5,3
18581,1,1
18582,1,1
18583,1,1
18584,1,1
18585,3,3
18586,1,1
18587,1,1
18588,21,20
18589,1,1
18590,1,1
18591,1,1
18592,1,1
18593,1,1
18594,2,2
18595,2,2
18596,3,2
18597,1,1
18598,2,2
18599,5,5
18600,2,2
18601,1,1
18602,1,1
18603,3,2
18604,1,1
18605,4,2
18606,2,2
18607,1,1
18608,1,1
18609,1,1
18610,1,1
18611,1,1
18612,1,1
18613,1,1
18614,1,1
18615,1,1
18616,9,6
18617,2,2
18618,2,2
18619,21,9
18620,1,1
18621,3,2
18622,2,2
18623,6,5
18624,4,4
18625,1,1
18626,5,3
18627,1,1
18628,4,3
18629,1,1
18630,1,1
18631,1,1
18632,1,1
18633,1,1
18634,1,1
18635,3,2
18636,1,1
18637,1,1
18638,1,1
18639,1,1
18640,1,1
18641,5,4
18642,1,1
18643,1,1
18644,14,10
18645,2,2
18646,1,1
18647,1,1
18648,2,2
18649,1,1
18650,1,1
18651,1,1
18652,1,1
18653,2,2
18654,4,3
18655,17,11
18656,2,2
18657,1,1
18658,1,1
18659,2,2
18660,2,2
18661,1,1
18662,1,1
18663,2,2
18664,1,1
18665,12,5
18666,1,1
18667,1,1
18668,1,1
18669,1,1
18670,1,1
18671,1,1
18672,18,11
18673,1,1
18674,1,1
18675,1,1
18676,1,1
18677,6,4
18678,1,1
18679,1,1
18680,1,1
18681,1,1
18682,1,1
18683,1,1
18684,1,1
18685,1,1
18686,1,1
18687,1,1
18688,1,1
18689,1,1
18690,3,2
18691,1,1
18692,2,2
18693,1,1
18694,1,1
18695,1,1
18696,7,6
18697,1,1
18698,1,1
18699,1,1
18700,2,2
18701,1,1
18702,1,1
18703,9,9
18704,15,15
18705,1,1
18706,4,4
18707,1,1
18708,1,1
18709,1,1
18710,21,17
18711,1,1
18712,1,1
18713,2,1
18714,20,14
18715,1,1
18716,2,1
18717,2,2
18718,3,3
18719,1,1
18720,1,1
18721,1,1
18722,5,5
18723,3,2
18724,25,12
18725,3,3
18726,1,1
18727,1,1
18728,4,3
18729,1,1
18730,1,1
18731,1,1
18732,1,1
18733,2,2
18734,1,1
18735,6,4
18736,1,1
18737,3,3
18738,1,1
18739,1,1
18740,1,1
18741,1,1
18742,1,1
18743,6,6
18744,2,2
18745,9,6
18746,1,1
18747,1,1
18748,1,1
18749,3,3
18750,1,1
18751,2,2
18752,2,2
18753,2,2
18754,1,1
18755,1,1
18756,2,2
18757,11,9
18758,1,1
18759,6,6
18760,1,1
18761,1,1
18762,1,1
18763,3,2
18764,1,1
18765,1,1
18766,2,2
18767,24,11
18768,3,3
18769,1,1
18770,1,1
18771,1,1
18772,1,1
18773,3,3
18774,1,1
18775,2,1
18776,1,1
18777,1,1
18778,1,1
18779,1,1
18780,1,1
18781,1,1
18782,1,1
18783,1,1
18784,8,7
18785,5,4
18786,1,1
18787,1,1
18788,3,3
18789,1,1
18790,3,2
18791,1,1
18792,1,1
18793,2,2
18794,1,1
18795,1,1
18796,3,2
18797,1,1
18798,2,2
18799,1,1
18800,8,6
18801,1,1
18802,18,14
18803,34,16
18804,1,1
18805,3,3
18806,2,1
18807,1,1
18808,2,1
18809,1,1
18810,3,3
18811,1,1
18812,1,1
18813,8,8
18814,11,6
18815,1,1
18816,5,3
18817,1,1
18818,1,1
18819,2,2
18820,1,1
18821,1,1
18822,1,1
18823,5,5
18824,1,1
18825,1,1
18826,2,1
18827,1,1
18828,1,1
18829,2,2
18830,1,1
18831,1,1
18832,1,1
18833,2,2
18834,2,2
18835,1,1
18836,2,2
18837,1,1
18838,1,1
18839,1,1
18840,1,1
18841,1,1
18842,1,1
18843,1,1
18844,1,1
18845,1,1
18846,2,2
18847,1,1
18848,1,1
18849,1,1
18850,1,1
18851,16,10
18852,5,3
18853,1,1
18854,2,2
18855,1,1
18856,1,1
18857,1,1
18858,1,1
18859,1,1
18860,2,1
18861,1,1
18862,2,1
18863,1,1
18864,1,1
18865,1,1
18866,3,2
18867,1,1
18868,1,1
18869,15,11
18870,1,1
18871,1,1
18872,1,1
18873,2,2
18874,1,1
18875,4,3
18876,1,1
18877,1,1
18878,1,1
18879,1,1
18880,1,1
18881,2,2
18882,1,1
18883,2,2
18884,6,5
18885,1,1
18886,1,1
18887,2,1
18888,1,1
18889,8,3
18890,4,3
18891,1,1
18892,1,1
18893,1,1
18894,1,1
18895,13,10
18896,2,2
18897,1,1
18898,1,1
18899,5,4
18900,1,1
18901,1,1
18902,2,2
18903,2,2
18904,1,1
18905,1,1
18906,2,2
18907,1,1
18908,1,1
18909,4,3
18910,1,1
18911,1,1
18912,1,1
18913,4,4
18914,1,1
18915,1,1
18916,1,1
18917,2,2
18918,3,3
18919,8,7
18920,3,3
18921,5,3
18922,1,1
18923,1,1
18924,1,1
18925,6,4
18926,9,5
18927,2,2
18928,1,1
18929,1,1
18930,1,1
18931,1,1
18932,5,3
18933,91,33
18934,1,1
18935,2,1
18936,1,1
18937,1,1
18938,1,1
18939,1,1
18940,1,1
18941,4,3
18942,1,1
18943,2,1
18944,2,1
18945,13,8
18946,23,10
18947,4,3
18948,1,1
18949,2,2
18950,2,2
18951,6,4
18952,1,1
18953,2,2
18954,1,1
18955,1,1
18956,1,1
18957,2,2
18958,1,1
18959,1,1
18960,1,1
18961,4,4
18962,1,1
18963,1,1
18964,4,3
18965,1,1
18966,3,2
18967,1,1
18968,1,1
18969,1,1
18970,1,1
18971,3,3
18972,1,1
18973,1,1
18974,2,2
18975,16,15
18976,1,1
18977,3,2
18978,1,1
18979,1,1
18980,23,12
18981,13,13
18982,3,3
18983,1,1
18984,2,2
18985,1,1
18986,1,1
18987,1,1
18988,1,1
18989,3,2
18990,1,1
18991,3,1
18992,11,8
18993,1,1
18994,3,3
18995,1,1
18996,4,3
18997,3,2
18998,2,2
18999,13,8
19000,1,1
19001,1,1
19002,1,1
19003,1,1
19004,3,2
19005,3,3
19006,1,1
19007,3,3
19008,4,2
19009,1,1
19010,1,1
19011,1,1
19012,5,4
19013,3,2
19014,1,1
19015,4,3
19016,7,7
19017,2,1
19018,1,1
19019,4,3
19020,1,1
19021,1,1
19022,3,3
19023,1,1
19024,3,3
19025,1,1
19026,1,1
19027,2,2
19028,1,1
19029,1,1
19030,2,2
19031,11,7
19032,1,1
19033,1,1
19034,2,2
19035,1,1
19036,1,1
19037,3,3
19038,1,1
19039,3,3
19040,1,1
19041,1,1
19042,1,1
19043,1,1
19044,1,1
19045,1,1
19046,1,1
19047,3,3
19048,1,1
19049,1,1
19050,1,1
19051,3,2
19052,1,1
19053,1,1
19054,1,1
19055,1,1
19056,33,27
19057,1,1
19058,1,1
19059,1,1
19060,2,2
19061,1,1
19062,1,1
19063,1,1
19064,7,7
19065,2,2
19066,1,1
19067,1,1
19068,1,1
19069,1,1
19070,1,1
19071,1,1
19072,2,2
19073,12,8
19074,1,1
19075,2,2
19076,3,2
19077,1,1
19078,6,4
19079,1,1
19080,1,1
19081,1,1
19082,1,1
19083,1,1
19084,1,1
19085,1,1
19086,1,1
19087,7,7
19088,2,2
19089,1,1
19090,6,6
19091,7,3
19092,1,1
19093,1,1
19094,1,1
19095,1,1
19096,2,1
19097,5,4
19098,1,1
19099,1,1
19100,2,2
19101,2,2
19102,1,1
19103,1,1
19104,2,2
19105,10,10
19106,1,1
19107,1,1
19108,1,1
19109,3,2
19110,1,1
19111,1,1
19112,1,1
19113,1,1
19114,1,1
19115,1,1
19116,9,6
19117,21,13
19118,2,2
19119,1,1
19120,1,1
19121,1,1
19122,1,1
19123,1,1
19124,10,8
19125,14,14
19126,1,1
19127,1,1
19128,3,2
19129,2,1
19130,1,1
19131,2,2
19132,1,1
19133,1,1
19134,1,1
19135,1,1
19136,1,1
19137,2,2
19138,2,2
19139,15,11
19140,7,7
19141,2,2
19142,1,1
19143,1,1
19144,3,2
19145,1,1
19146,29,13
19147,1,1
19148,1,1
19149,1,1
19150,1,1
19151,1,1
19152,1,1
19153,17,9
19154,1,1
19155,1,1
19156,7,7
19157,2,2
19158,1,1
19159,1,1
19160,1,1
19161,1,1
19162,2,1
19163,1,1
19164,1,1
19165,1,1
19166,1,1
19167,82,27
19168,1,1
19169,1,1
19170,1,1
19171,3,2
19172,3,2
19173,1,1
19174,1,1
19175,2,1
19176,1,1
19177,1,1
19178,1,1
19179,1,1
19180,1,1
19181,1,1
19182,1,1
19183,1,1
19184,1,1
19185,1,1
19186,1,1
19187,1,1
19188,9,6
19189,2,2
19190,1,1
19191,4,4
19192,1,1
19193,1,1
19194,1,1
19195,3,1
19196,2,2
19197,1,1
19198,4,3
19199,1,1
19200,1,1
19201,6,6
19202,1,1
19203,1,1
19204,1,1
19205,2,2
19206,6,4
19207,1,1
19208,1,1
19209,1,1
19210,1,1
19211,2,2
19212,1,1
19213,1,1
19214,1,1
19215,1,1
19216,2,2
19217,1,1
19218,1,1
19219,1,1
19220,1,1
19221,4,4
19222,1,1
19223,1,1
19224,4,3
19225,3,3
19226,1,1
19227,1,1
19228,2,2
19229,1,1
19230,1,1
19231,5,5
19232,2,2
19233,1,1
19234,5,4
19235,1,1
19236,1,1
19237,1,1
19238,6,6
19239,1,1
19240,1,1
19241,1,1
19242,1,1
19243,1,1
19244,4,2
19245,3,2
19246,1,1
19247,1,1
19248,1,1
19249,1,1
19250,1,1
19251,1,1
19252,1,1
19253,1,1
19254,1,1
19255,6,4
19256,2,2
19257,1,1
19258,1,1
19259,1,1
19260,3,2
19261,1,1
19262,1,1
19263,1,1
19264,1,1
19265,2,1
19266,1,1
19267,3,3
19268,1,1
19269,2,1
19270,1,1
19271,7,3
19272,1,1
19273,1,1
19274,2,2
19275,4,2
19276,1,1
19277,1,1
19278,1,1
19279,2,2
19280,5,5
19281,1,1
19282,1,1
19283,2,2
19284,1,1
19285,1,1
19286,3,3
19287,4,2
19288,1,1
19289,1,1
19290,1,1
19291,1,1
19292,2,2
19293,3,2
19294,1,1
19295,1,1
19296,1,1
19297,4,3
19298,1,1
19299,1,1
19300,1,1
19301,3,3
19302,1,1
19303,1,1
19304,3,2
19305,1,1
19306,1,1
19307,2,2
19308,1,1
19309,1,1
19310,1,1
19311,4,3
19312,1,1
19313,1,1
19314,2,2
19315,1,1
19316,1,1
19317,1,1
19318,2,1
19319,1,1
19320,2,1
19321,3,3
19322,1,1
19323,26,20
19324,1,1
19325,2,2
19326,5,5
19327,1,1
19328,12,8
19329,1,1
19330,1,1
19331,2,2
19332,1,1
19333,3,3
19334,1,1
19335,2,1
19336,10,7
19337,1,1
19338,1,1
19339,1,1
19340,3,3
19341,3,3
19342,2,2
19343,1,1
19344,1,1
19345,2,2
19346,1,1
19347,1,1
19348,40,22
19349,2,2
19350,2,2
19351,2,2
19352,1,1
19353,1,1
19354,1,1
19355,1,1
19356,1,1
19357,5,2
19358,1,1
19359,1,1
19360,2,1
19361,1,1
19362,1,1
19363,1,1
19364,1,1
19365,3,2
19366,1,1
19367,1,1
19368,1,1
19369,1,1
19370,1,1
19371,1,1
19372,1,1
19373,1,1
19374,5,3
19375,1,1
19376,1,1
19377,2,2
19378,1,1
19379,1,1
19380,2,2
19381,3,2
19382,4,3
19383,1,1
19384,3,3
19385,16,7
19386,1,1
19387,2,2
19388,2,1
19389,1,1
19390,1,1
19391,4,3
19392,2,2
19393,2,2
19394,3,3
19395,1,1
19396,1,1
19397,1,1
19398,2,2
19399,7,6
19400,1,1
19401,1,1
19402,1,1
19403,4,3
19404,2,2
19405,2,2
19406,1,1
19407,1,1
19408,1,1
19409,1,1
19410,6,5
19411,1,1
19412,1,1
19413,1,1
19414,1,1
19415,1,1
19416,1,1
19417,1,1
19418,1,1
19419,4,2
19420,1,1
19421,2,1
19422,2,2
19423,1,1
19424,1,1
19425,3,2
19426,1,1
19427,1,1
19428,1,1
19429,2,1
19430,1,1
19431,1,1
19432,1,1
19433,2,1
19434,13,7
19435,1,1
19436,1,1
19437,3,3
19438,2,2
19439,1,1
19440,1,1
19441,1,1
19442,3,2
19443,1,1
19444,1,1
19445,3,3
19446,1,1
19447,1,1
19448,1,1
19449,1,1
19450,4,3
19451,1,1
19452,7,5
19453,1,1
19454,1,1
19455,1,1
19456,1,1
19457,1,1
19458,7,5
19459,1,1
19460,5,5
19461,1,1
19462,3,2
19463,1,1
19464,2,2
19465,1,1
19466,2,2
19467,3,3
19468,2,2
19469,8,7
19470,4,2
19471,1,1
19472,1,1
19473,1,1
19474,1,1
19475,6,5
19476,2,2
19477,6,4
19478,3,2
19479,1,1
19480,8,6
19481,1,1
19482,1,1
19483,1,1
19484,1,1
19485,1,1
19486,1,1
19487,1,1
19488,1,1
19489,2,2
19490,1,1
19491,1,1
19492,3,2
19493,1,1
19494,1,1
19495,2,2
19496,1,1
19497,1,1
19498,1,1
19499,1,1
19500,3,3
19501,1,1
19502,3,3
19503,1,1
19504,1,1
19505,1,1
19506,1,1
19507,2,2
19508,2,2
19509,5,5
19510,1,1
19511,1,1
19512,6,5
19513,1,1
19514,2,2
19515,5,4
19516,2,2
19517,1,1
19518,1,1
19519,4,4
19520,3,3
19521,6,6
19522,1,1
19523,1,1
19524,5,4
19525,1,1
19526,3,2
19527,6,6
19528,1,1
19529,5,3
19530,1,1
19531,2,2
19532,1,1
19533,1,1
19534,1,1
19535,1,1
19536,1,1
19537,2,1
19538,4,3
19539,1,1
19540,1,1
19541,1,1
19542,1,1
19543,2,1
19544,2,2
19545,1,1
19546,1,1
19547,1,1
19548,2,2
19549,8,6
19550,1,1
19551,2,1
19552,1,1
19553,1,1
19554,1,1
19555,1,1
19556,1,1
19557,1,1
19558,1,1
19559,1,1
19560,1,1
19561,1,1
19562,1,1
19563,1,1
19564,1,1
19565,2,2
19566,2,1
19567,1,1
19568,1,1
19569,1,1
19570,1,1
19571,6,4
19572,1,1
19573,1,1
19574,1,1
19575,5,4
19576,3,2
19577,1,1
19578,1,1
19579,1,1
19580,1,1
19581,1,1
19582,1,1
19583,1,1
19584,1,1
19585,2,2
19586,1,1
19587,1,1
19588,1,1
19589,1,1
19590,2,2
19591,4,3
19592,1,1
19593,1,1
19594,1,1
19595,1,1
19596,2,2
19597,2,2
19598,5,4
19599,4,2
19600,2,2
19601,1,1
19602,1,1
19603,13,5
19604,1,1
19605,1,1
19606,1,1
19607,1,1
19608,4,2
19609,3,3
19610,1,1
19611,1,1
19612,1,1
19613,1,1
19614,1,1
19615,1,1
19616,1,1
19617,2,2
19618,4,4
19619,1,1
19620,1,1
19621,10,4
19622,1,1
19623,1,1
19624,1,1
19625,2,2
19626,7,3
19627,1,1
19628,1,1
19629,1,1
19630,2,1
19631,3,2
19632,7,7
19633,1,1
19634,2,2
19635,5,5
19636,2,2
19637,1,1
19638,1,1
19639,1,1
19640,1,1
19641,2,2
19642,1,1
19643,1,1
19644,1,1
19645,8,3
19646,5,3
19647,1,1
19648,1,1
19649,8,6
19650,1,1
19651,3,2
19652,2,1
19653,1,1
19654,1,1
19655,1,1
19656,2,2
19657,2,2
19658,14,9
19659,1,1
19660,2,1
19661,3,2
19662,1,1
19663,1,1
19664,4,4
19665,1,1
19666,1,1
19667,7,7
19668,3,3
19669,1,1
19670,1,1
19671,4,4
19672,6,5
19673,1,1
19674,1,1
19675,7,5
19676,3,3
19677,3,3
19678,4,4
19679,2,2
19680,3,3
19681,1,1
19682,13,8
19683,1,1
19684,2,2
19685,1,1
19686,6,4
19687,27,15
19688,1,1
19689,3,2
19690,1,1
19691,1,1
19692,6,3
19693,3,2
19694,1,1
19695,4,3
19696,1,1
19697,1,1
19698,1,1
19699,1,1
19700,1,1
19701,4,3
19702,3,2
19703,3,2
19704,1,1
19705,1,1
19706,3,3
19707,12,7
19708,1,1
19709,3,3
19710,2,1
19711,3,2
19712,1,1
19713,5,3
19714,1,1
19715,1,1
19716,9,6
19717,1,1
19718,4,4
19719,1,1
19720,1,1
19721,4,3
19722,2,2
19723,1,1
19724,1,1
19725,2,1
19726,1,1
19727,1,1
19728,1,1
19729,1,1
19730,1,1
19731,1,1
19732,1,1
19733,3,2
19734,1,1
19735,1,1
19736,1,1
19737,3,1
19738,1,1
19739,1,1
19740,1,1
19741,1,1
19742,1,1
19743,1,1
19744,2,2
19745,1,1
19746,4,3
19747,1,1
19748,2,1
19749,1,1
19750,1,1
19751,1,1
19752,4,3
19753,3,3
19754,2,1
19755,12,9
19756,1,1
19757,1,1
19758,1,1
19759,1,1
19760,1,1
19761,3,2
19762,1,1
19763,3,3
19764,1,1
19765,2,2
19766,1,1
19767,1,1
19768,1,1
19769,1,1
19770,1,1
19771,1,1
19772,1,1
19773,1,1
19774,4,2
19775,1,1
19776,1,1
19777,5,3
19778,1,1
19779,2,1
19780,1,1
19781,14,14
19782,1,1
19783,1,1
19784,5,4
19785,1,1
19786,1,1
19787,1,1
19788,3,2
19789,1,1
19790,1,1
19791,1,1
19792,1,1
19793,1,1
19794,1,1
19795,1,1
19796,5,3
19797,3,2
19798,1,1
19799,1,1
19800,2,1
19801,1,1
19802,1,1
19803,1,1
19804,3,3
19805,1,1
19806,1,1
19807,3,3
19808,1,1
19809,1,1
19810,2,1
19811,1,1
19812,1,1
19813,1,1
19814,1,1
19815,4,2
19816,1,1
19817,3,3
19818,1,1
19819,1,1
19820,1,1
19821,1,1
19822,1,1
19823,1,1
19824,2,2
19825,15,6
19826,4,4
19827,1,1
19828,2,1
19829,5,5
19830,2,1
19831,1,1
19832,1,1
19833,1,1
19834,1,1
19835,3,3
19836,1,1
19837,3,2
19838,1,1
19839,1,1
19840,3,3
19841,1,1
19842,2,1
19843,1,1
19844,1,1
19845,1,1
19846,2,2
19847,5,3
19848,1,1
19849,1,1
19850,3,3
19851,1,1
19852,1,1
19853,2,2
19854,6,2
19855,3,3
19856,4,2
19857,2,2
19858,1,1
19859,1,1
19860,8,7
19861,5,4
19862,1,1
19863,2,2
19864,33,14
19865,4,3
19866,6,5
19867,3,3
19868,2,2
19869,6,5
19870,1,1
19871,1,1
19872,3,2
19873,1,1
19874,2,1
19875,2,2
19876,1,1
19877,1,1
19878,14,7
19879,1,1
19880,1,1
19881,1,1
19882,1,1
19883,1,1
19884,1,1
19885,1,1
19886,1,1
19887,9,5
19888,2,2
19889,7,7
19890,8,8
19891,1,1
19892,2,2
19893,1,1
19894,3,2
19895,3,2
19896,3,3
19897,4,2
19898,2,2
19899,2,2
19900,2,2
19901,2,2
19902,2,2
19903,1,1
19904,2,2
19905,2,2
19906,1,1
19907,3,3
19908,2,2
19909,4,3
19910,1,1
19911,2,2
19912,1,1
19913,1,1
19914,1,1
19915,4,3
19916,1,1
19917,2,2
19918,1,1
19919,5,5
19920,2,2
19921,2,2
19922,1,1
19923,2,2
19924,1,1
19925,2,2
19926,1,1
19927,1,1
19928,3,2
19929,2,1
19930,3,2
19931,2,2
19932,4,3
19933,2,2
19934,2,2
19935,2,2
19936,2,1
19937,2,2
19938,1,1
19939,1,1
19940,1,1
19941,1,1
19942,1,1
19943,1,1
19944,4,4
19945,1,1
19946,3,2
19947,1,1
19948,2,2
19949,1,1
19950,1,1
19951,3,3
19952,2,2
19953,2,2
19954,1,1
19955,2,2
19956,2,2
19957,1,1
19958,4,4
19959,1,1
19960,1,1
19961,1,1
19962,28,18
19963,9,6
19964,1,1
19965,1,1
19966,1,1
19967,1,1
19968,2,2
19969,1,1
19970,1,1
19971,2,2
19972,1,1
19973,1,1
19974,1,1
19975,3,2
19976,1,1
19977,2,2
19978,2,2
19979,1,1
19980,1,1
19981,1,1
19982,1,1
19983,1,1
19984,1,1
19985,1,1
19986,1,1
19987,1,1
19988,2,2
19989,5,3
19990,1,1
19991,1,1
19992,2,2
19993,2,2
19994,1,1
19995,1,1
19996,1,1
19997,4,2
19998,1,1
19999,1,1
20000,3,2
20001,1,1
20002,1,1
20003,1,1
20004,1,1
20005,1,1
20006,2,2
20007,1,1
20008,1,1
20009,1,1
20010,3,3
20011,4,3
20012,1,1
20013,1,1
20014,3,3
20015,4,2
20016,1,1
20017,5,5
20018,1,1
20019,1,1
20020,1,1
20021,2,2
20022,2,2
20023,2,2
20024,2,2
20025,2,2
20026,4,2
20027,1,1
20028,2,1
20029,1,1
20030,1,1
20031,1,1
20032,2,2
20033,3,3
20034,1,1
20035,13,4
20036,2,2
20037,1,1
20038,3,3
20039,1,1
20040,2,2
20041,38,15
20042,1,1
20043,1,1
20044,2,2
20045,1,1
20046,2,2
20047,1,1
20048,2,2
20049,1,1
20050,1,1
20051,3,3
20052,2,1
20053,5,4
20054,2,2
20055,1,1
20056,1,1
20057,2,1
20058,8,6
20059,1,1
20060,1,1
20061,1,1
20062,2,2
20063,1,1
20064,2,2
20065,1,1
20066,1,1
20067,1,1
20068,1,1
20069,2,2
20070,5,4
20071,3,2
20072,1,1
20073,14,9
20074,1,1
20075,1,1
20076,1,1
20077,1,1
20078,1,1
20079,1,1
20080,2,2
20081,3,3
20082,1,1
20083,1,1
20084,1,1
20085,1,1
20086,1,1
20087,1,1
20088,9,6
20089,2,2
20090,1,1
20091,1,1
20092,1,1
20093,1,1
20094,1,1
20095,2,2
20096,1,1
20097,1,1
20098,1,1
20099,1,1
20100,1,1
20101,1,1
20102,1,1
20103,1,1
20104,1,1
20105,1,1
20106,1,1
20107,1,1
20108,2,2
20109,1,1
20110,1,1
20111,1,1
20112,2,2
20113,1,1
20114,2,2
20115,1,1
20116,2,2
20117,1,1
20118,1,1
20119,1,1
20120,1,1
20121,1,1
20122,9,6
20123,5,4
20124,2,2
20125,2,2
20126,3,2
20127,1,1
20128,1,1
20129,1,1
20130,1,1
20131,1,1
20132,1,1
20133,1,1
20134,1,1
20135,1,1
20136,1,1
20137,1,1
20138,1,1
20139,1,1
20140,1,1
20141,2,1
20142,4,2
20143,1,1
20144,1,1
20145,1,1
20146,1,1
20147,6,4
20148,1,1
20149,1,1
20150,1,1
20151,2,2
20152,1,1
20153,1,1
20154,1,1
20155,1,1
20156,1,1
20157,1,1
20158,1,1
20159,1,1
20160,1,1
20161,1,1
20162,1,1
20163,1,1
20164,1,1
20165,1,1
20166,3,2
20167,1,1
20168,1,1
20169,1,1
20170,4,3
20171,1,1
20172,2,2
20173,1,1
20174,6,4
20175,2,2
20176,1,1
20177,1,1
20178,4,3
20179,1,1
20180,1,1
20181,1,1
20182,1,1
20183,2,2
20184,1,1
20185,14,9
20186,1,1
20187,1,1
20188,11,9
20189,1,1
20190,1,1
20191,2,2
20192,2,1
20193,4,4
20194,2,2
20195,6,4
20196,2,2
20197,5,4
20198,1,1
20199,1,1
20200,2,2
20201,1,1
20202,1,1
20203,1,1
20204,1,1
20205,1,1
20206,1,1
20207,1,1
20208,1,1
20209,1,1
20210,6,5
20211,2,1
20212,2,1
20213,1,1
20214,20,14
20215,1,1
20216,4,3
20217,1,1
20218,1,1
20219,2,2
20220,1,1
20221,2,2
20222,10,7
20223,1,1
20224,1,1
20225,1,1
20226,1,1
20227,1,1
20228,3,2
20229,1,1
20230,1,1
20231,1,1
20232,1,1
20233,1,1
20234,2,2
20235,1,1
20236,1,1
20237,1,1
20238,1,1
20239,6,5
20240,3,2
20241,8,4
20242,1,1
20243,1,1
20244,1,1
20245,3,3
20246,1,1
20247,1,1
20248,1,1
20249,2,1
20250,1,1
20251,1,1
20252,1,1
20253,1,1
20254,1,1
20255,3,2
20256,1,1
20257,3,3
20258,15,13
20259,1,1
20260,1,1
20261,1,1
20262,3,3
20263,1,1
20264,2,1
20265,1,1
20266,1,1
20267,4,4
20268,1,1
20269,1,1
20270,1,1
20271,1,1
20272,1,1
20273,2,1
20274,1,1
20275,1,1
20276,1,1
20277,1,1
20278,1,1
20279,1,1
20280,2,1
20281,2,2
20282,5,3
20283,3,3
20284,4,3
20285,2,1
20286,5,3
20287,1,1
20288,1,1
20289,4,4
20290,4,2
20291,1,1
20292,1,1
20293,1,1
20294,8,5
20295,1,1
20296,3,3
20297,1,1
20298,1,1
20299,1,1
20300,3,2
20301,1,1
20302,6,5
20303,2,2
20304,1,1
20305,1,1
20306,2,2
20307,1,1
20308,2,2
20309,11,9
20310,1,1
20311,1,1
20312,1,1
20313,2,2
20314,1,1
20315,2,2
20316,2,2
20317,1,1
20318,2,1
20319,1,1
20320,1,1
20321,1,1
20322,1,1
20323,1,1
20324,1,1
20325,1,1
20326,1,1
20327,3,3
20328,2,2
20329,1,1
20330,1,1
20331,1,1
20332,1,1
20333,1,1
20334,5,5
20335,13,13
20336,1,1
20337,1,1
20338,1,1
20339,15,14
20340,3,2
20341,2,2
20342,1,1
20343,2,1
20344,1,1
20345,1,1
20346,1,1
20347,4,3
20348,1,1
20349,1,1
20350,1,1
20351,2,2
20352,1,1
20353,2,1
20354,1,1
20355,51,27
20356,1,1
20357,1,1
20358,2,2
20359,1,1
20360,1,1
20361,2,2
20362,5,4
20363,7,5
20364,3,2
20365,8,4
20366,4,4
20367,1,1
20368,3,3
20369,1,1
20370,4,3
20371,2,2
20372,1,1
20373,1,1
20374,4,2
20375,1,1
20376,4,2
20377,1,1
20378,8,6
20379,1,1
20380,1,1
20381,10,10
20382,5,2
20383,1,1
20384,1,1
20385,1,1
20386,2,2
20387,1,1
20388,1,1
20389,1,1
20390,1,1
20391,1,1
20392,1,1
20393,1,1
20394,1,1
20395,1,1
20396,1,1
20397,1,1
20398,2,2
20399,2,2
20400,3,3
20401,1,1
20402,3,2
20403,1,1
20404,119,32
20405,1,1
20406,1,1
20407,5,3
20408,1,1
20409,4,4
20410,1,1
20411,2,2
20412,1,1
20413,1,1
20414,1,1
20415,3,2
20416,1,1
20417,3,3
20418,2,1
20419,1,1
20420,1,1
20421,2,1
20422,1,1
20423,7,4
20424,1,1
20425,3,2
20426,1,1
20427,1,1
20428,2,2
20429,1,1
20430,1,1
20431,1,1
20432,17,13
20433,48,26
20434,2,2
20435,7,5
20436,4,3
20437,1,1
20438,3,2
20439,8,5
20440,1,1
20441,10,7
20442,2,2
20443,1,1
20444,1,1
20445,2,2
20446,1,1
20447,1,1
20448,10,10
20449,1,1
20450,1,1
20451,5,5
20452,3,3
20453,1,1
20454,3,2
20455,2,1
20456,1,1
20457,2,2
20458,1,1
20459,1,1
20460,1,1
20461,1,1
20462,1,1
20463,2,1
20464,1,1
20465,7,4
20466,1,1
20467,4,3
20468,1,1
20469,1,1
20470,2,2
20471,1,1
20472,1,1
20473,2,2
20474,2,2
20475,1,1
20476,1,1
20477,3,3
20478,7,4
20479,2,2
20480,1,1
20481,5,2
20482,1,1
20483,1,1
20484,2,2
20485,1,1
20486,1,1
20487,1,1
20488,1,1
20489,1,1
20490,1,1
20491,8,6
20492,8,7
20493,2,2
20494,1,1
20495,1,1
20496,6,6
20497,1,1
20498,1,1
20499,3,2
20500,3,2
20501,1,1
20502,2,1
20503,9,6
20504,1,1
20505,1,1
20506,1,1
20507,6,5
20508,1,1
20509,1,1
20510,1,1
20511,4,3
20512,1,1
20513,2,2
20514,1,1
20515,1,1
20516,1,1
20517,1,1
20518,1,1
20519,1,1
20520,1,1
20521,1,1
20522,1,1
20523,1,1
20524,3,2
20525,5,3
20526,1,1
20527,3,2
20528,1,1
20529,2,2
20530,2,2
20531,1,1
20532,1,1
20533,4,4
20534,3,2
20535,1,1
20536,1,1
20537,1,1
20538,1,1
20539,2,2
20540,1,1
20541,1,1
20542,1,1
20543,2,2
20544,1,1
20545,3,3
20546,1,1
20547,3,2
20548,1,1
20549,6,4
20550,14,13
20551,2,1
20552,1,1
20553,1,1
20554,1,1
20555,1,1
20556,1,1
20557,1,1
20558,2,2
20559,6,3
20560,2,2
20561,1,1
20562,1,1
20563,1,1
20564,1,1
20565,1,1
20566,1,1
20567,1,1
20568,2,2
20569,1,1
20570,2,2
20571,28,19
20572,1,1
20573,1,1
20574,77,31
20575,4,4
20576,25,9
20577,1,1
20578,9,7
20579,1,1
20580,1,1
20581,1,1
20582,1,1
20583,5,5
20584,1,1
20585,1,1
20586,1,1
20587,2,2
20588,1,1
20589,1,1
20590,5,4
20591,1,1
20592,3,3
20593,2,1
20594,3,3
20595,9,6
20596,1,1
20597,2,1
20598,1,1
20599,2,2
20600,4,3
20601,1,1
20602,6,5
20603,1,1
20604,1,1
20605,1,1
20606,1,1
20607,1,1
20608,1,1
20609,1,1
20610,1,1
20611,1,1
20612,1,1
20613,1,1
20614,1,1
20615,1,1
20616,1,1
20617,1,1
20618,1,1
20619,1,1
20620,3,2
20621,2,2
20622,2,2
20623,1,1
20624,2,2
20625,1,1
20626,3,3
20627,1,1
20628,4,4
20629,1,1
20630,3,3
20631,19,13
20632,1,1
20633,1,1
20634,7,3
20635,1,1
20636,1,1
20637,2,1
20638,1,1
20639,1,1
20640,2,2
20641,3,2
20642,2,2
20643,2,2
20644,1,1
20645,1,1
20646,2,2
20647,1,1
20648,1,1
20649,1,1
20650,4,4
20651,13,6
20652,1,1
20653,1,1
20654,1,1
20655,8,3
20656,1,1
20657,16,13
20658,1,1
20659,1,1
20660,2,1
20661,2,2
20662,1,1
20663,1,1
20664,2,2
20665,1,1
20666,1,1
20667,2,2
20668,1,1
20669,1,1
20670,1,1
20671,2,2
20672,1,1
20673,1,1
20674,2,2
20675,1,1
20676,2,1
20677,1,1
20678,1,1
20679,1,1
20680,1,1
20681,1,1
20682,1,1
20683,11,6
20684,1,1
20685,7,5
20686,2,2
20687,1,1
20688,1,1
20689,7,6
20690,1,1
20691,1,1
20692,4,3
20693,1,1
20694,1,1
20695,1,1
20696,4,2
20697,1,1
20698,1,1
20699,1,1
20700,1,1
20701,2,2
20702,1,1
20703,1,1
20704,1,1
20705,3,3
20706,1,1
20707,1,1
20708,1,1
20709,1,1
20710,2,2
20711,2,1
20712,2,2
20713,13,6
20714,2,2
20715,1,1
20716,1,1
20717,4,3
20718,1,1
20719,1,1
20720,5,5
20721,5,4
20722,1,1
20723,4,3
20724,68,24
20725,2,1
20726,1,1
20727,2,1
20728,1,1
20729,1,1
20730,1,1
20731,1,1
20732,1,1
20733,1,1
20734,1,1
20735,1,1
20736,1,1
20737,1,1
20738,1,1
20739,1,1
20740,2,2
20741,1,1
20742,1,1
20743,1,1
20744,1,1
20745,1,1
20746,1,1
20747,1,1
20748,1,1
20749,1,1
20750,1,1
20751,2,2
20752,1,1
20753,1,1
20754,1,1
20755,3,2
20756,1,1
20757,1,1
20758,7,4
20759,1,1
20760,1,1
20761,11,10
20762,1,1
20763,1,1
20764,7,5
20765,1,1
20766,1,1
20767,1,1
20768,2,2
20769,1,1
20770,1,1
20771,45,18
20772,1,1
20773,1,1
20774,13,7
20775,3,3
20776,1,1
20777,1,1
20778,1,1
20779,1,1
20780,1,1
20781,2,2
20782,2,2
20783,1,1
20784,2,2
20785,1,1
20786,1,1
20787,1,1
20788,5,5
20789,1,1
20790,2,2
20791,1,1
20792,6,4
20793,1,1
20794,1,1
20795,1,1
20796,2,1
20797,1,1
20798,1,1
20799,2,1
20800,1,1
20801,1,1
20802,4,4
20803,1,1
20804,2,2
20805,3,3
20806,2,2
20807,2,2
20808,1,1
20809,1,1
20810,1,1
20811,1,1
20812,1,1
20813,3,2
20814,7,5
20815,1,1
20816,2,2
20817,1,1
20818,2,2
20819,1,1
20820,1,1
20821,5,3
20822,1,1
20823,7,7
20824,1,1
20825,3,3
20826,3,3
20827,4,2
20828,1,1
20829,1,1
20830,3,2
20831,1,1
20832,18,12
20833,1,1
20834,3,3
20835,1,1
20836,1,1
20837,1,1
20838,1,1
20839,2,1
20840,1,1
20841,1,1
20842,1,1
20843,1,1
20844,1,1
20845,1,1
20846,2,1
20847,2,2
20848,1,1
20849,1,1
20850,1,1
20851,1,1
20852,11,7
20853,1,1
20854,33,15
20855,1,1
20856,1,1
20857,1,1
20858,1,1
20859,1,1
20860,7,4
20861,1,1
20862,1,1
20863,4,3
20864,1,1
20865,2,2
20866,2,2
20867,2,2
20868,1,1
20869,1,1
20870,4,3
20871,2,2
20872,1,1
20873,1,1
20874,1,1
20875,1,1
20876,1,1
20877,1,1
20878,1,1
20879,5,4
20880,1,1
20881,1,1
20882,4,3
20883,5,5
20884,1,1
20885,2,2
20886,1,1
20887,10,4
20888,1,1
20889,1,1
20890,3,3
20891,1,1
20892,1,1
20893,1,1
20894,1,1
20895,3,3
20896,1,1
20897,1,1
20898,1,1
20899,1,1
20900,2,2
20901,1,1
20902,4,2
20903,1,1
20904,1,1
20905,1,1
20906,1,1
20907,2,2
20908,1,1
20909,2,2
20910,2,2
20911,1,1
20912,2,2
20913,1,1
20914,1,1
20915,1,1
20916,1,1
20917,3,2
20918,1,1
20919,1,1
20920,1,1
20921,1,1
20922,3,2
20923,1,1
20924,22,15
20925,1,1
20926,1,1
20927,1,1
20928,3,2
20929,4,3
20930,7,3
20931,4,4
20932,1,1
20933,4,4
20934,2,2
20935,1,1
20936,2,1
20937,3,3
20938,1,1
20939,4,3
20940,2,1
20941,1,1
20942,1,1
20943,1,1
20944,1,1
20945,12,7
20946,3,2
20947,1,1
20948,2,2
20949,3,3
20950,4,3
20951,1,1
20952,1,1
20953,15,7
20954,1,1
20955,1,1
20956,2,2
20957,3,2
20958,1,1
20959,2,2
20960,1,1
20961,1,1
20962,3,1
20963,1,1
20964,1,1
20965,7,4
20966,1,1
20967,1,1
20968,1,1
20969,2,1
20970,1,1
20971,1,1
20972,1,1
20973,1,1
20974,1,1
20975,5,4
20976,4,4
20977,10,4
20978,1,1
20979,1,1
20980,1,1
20981,1,1
20982,24,14
20983,2,2
20984,3,2
20985,1,1
20986,1,1
20987,3,2
20988,1,1
20989,1,1
20990,1,1
20991,1,1
20992,1,1
20993,3,2
20994,5,5
20995,1,1
20996,9,6
20997,1,1
20998,5,4
20999,2,2
21000,28,16
21001,2,2
21002,1,1
21003,2,2
21004,2,1
21005,2,2
21006,1,1
21007,2,2
21008,1,1
21009,2,2
21010,11,9
21011,1,1
21012,44,15
21013,1,1
21014,15,10
21015,10,7
21016,1,1
21017,1,1
21018,2,2
21019,8,6
21020,42,23
21021,1,1
21022,1,1
21023,4,2
21024,1,1
21025,1,1
21026,1,1
21027,1,1
21028,4,3
21029,1,1
21030,1,1
21031,1,1
21032,6,6
21033,3,3
21034,1,1
21035,1,1
21036,1,1
21037,9,4
21038,1,1
21039,1,1
21040,2,1
21041,1,1
21042,1,1
21043,2,1
21044,1,1
21045,1,1
21046,1,1
21047,1,1
21048,1,1
21049,2,2
21050,1,1
21051,1,1
21052,1,1
21053,1,1
21054,2,2
21055,1,1
21056,2,1
21057,1,1
21058,1,1
21059,3,2
21060,2,1
21061,1,1
21062,1,1
21063,1,1
21064,1,1
21065,1,1
21066,1,1
21067,1,1
21068,1,1
21069,5,5
21070,1,1
21071,1,1
21072,1,1
21073,1,1
21074,2,2
21075,1,1
21076,1,1
21077,1,1
21078,1,1
21079,5,5
21080,3,3
21081,1,1
21082,1,1
21083,1,1
21084,2,2
21085,6,4
21086,1,1
21087,1,1
21088,1,1
21089,1,1
21090,2,2
21091,1,1
21092,1,1
21093,1,1
21094,1,1
21095,3,2
21096,1,1
21097,2,1
21098,1,1
21099,8,4
21100,1,1
21101,2,1
21102,1,1
21103,1,1
21104,1,1
21105,1,1
21106,1,1
21107,1,1
21108,1,1
21109,1,1
21110,6,3
21111,1,1
21112,1,1
21113,2,2
21114,1,1
21115,2,1
21116,1,1
21117,2,1
21118,1,1
21119,1,1
21120,1,1
21121,1,1
21122,2,1
21123,1,1
21124,2,2
21125,1,1
21126,2,2
21127,11,5
21128,2,2
21129,2,1
21130,1,1
21131,1,1
21132,2,2
21133,3,2
21134,1,1
21135,2,2
21136,12,8
21137,2,2
21138,7,7
21139,1,1
21140,3,3
21141,3,3
21142,1,1
21143,3,3
21144,1,1
21145,1,1
21146,1,1
21147,1,1
21148,1,1
21149,5,5
21150,1,1
21151,1,1
21152,11,9
21153,1,1
21154,1,1
21155,4,3
21156,1,1
21157,1,1
21158,63,17
21159,1,1
21160,1,1
21161,1,1
21162,5,5
21163,1,1
21164,1,1
21165,1,1
21166,1,1
21167,1,1
21168,2,2
21169,1,1
21170,1,1
21171,1,1
21172,1,1
21173,10,5
21174,1,1
21175,6,4
21176,4,3
21177,1,1
21178,1,1
21179,1,1
21180,1,1
21181,1,1
21182,1,1
21183,1,1
21184,1,1
21185,2,2
21186,1,1
21187,13,6
21188,1,1
21189,1,1
21190,2,1
21191,1,1
21192,1,1
21193,10,10
21194,3,3
21195,24,15
21196,1,1
21197,1,1
21198,40,21
21199,1,1
21200,2,1
21201,1,1
21202,1,1
21203,1,1
21204,1,1
21205,2,2
21206,1,1
21207,4,3
21208,1,1
21209,1,1
21210,1,1
21211,1,1
21212,2,2
21213,1,1
21214,1,1
21215,4,3
21216,24,8
21217,1,1
21218,1,1
21219,1,1
21220,1,1
21221,1,1
21222,1,1
21223,2,1
21224,2,2
21225,2,1
21226,1,1
21227,1,1
21228,1,1
21229,2,2
21230,1,1
21231,1,1
21232,3,2
21233,15,9
21234,1,1
21235,1,1
21236,2,2
21237,1,1
21238,1,1
21239,2,1
21240,8,6
21241,1,1
21242,1,1
21243,1,1
21244,1,1
21245,1,1
21246,2,2
21247,3,3
21248,1,1
21249,1,1
21250,1,1
21251,1,1
21252,1,1
21253,1,1
21254,2,2
21255,7,7
21256,2,2
21257,1,1
21258,1,1
21259,3,3
21260,1,1
21261,1,1
21262,1,1
21263,1,1
21264,1,1
21265,3,2
21266,1,1
21267,2,2
21268,1,1
21269,1,1
21270,1,1
21271,1,1
21272,1,1
21273,1,1
21274,1,1
21275,1,1
21276,1,1
21277,7,5
21278,1,1
21279,1,1
21280,3,2
21281,1,1
21282,1,1
21283,1,1
21284,1,1
21285,1,1
21286,2,1
21287,1,1
21288,1,1
21289,1,1
21290,2,2
21291,1,1
21292,3,2
21293,1,1
21294,1,1
21295,2,1
21296,1,1
21297,1,1
21298,1,1
21299,1,1
21300,1,1
21301,1,1
21302,1,1
21303,1,1
21304,2,2
21305,1,1
21306,13,10
21307,1,1
21308,1,1
21309,1,1
21310,2,1
21311,1,1
21312,1,1
21313,1,1
21314,2,1
21315,1,1
21316,1,1
21317,3,3
21318,3,2
21319,2,1
21320,1,1
21321,4,3
21322,2,2
21323,23,11
21324,16,8
21325,4,3
21326,2,2
21327,2,1
21328,8,4
21329,1,1
21330,1,1
21331,2,2
21332,1,1
21333,2,2
21334,1,1
21335,2,1
21336,1,1
21337,6,5
21338,1,1
21339,1,1
21340,2,2
21341,2,2
21342,2,2
21343,2,2
21344,10,6
21345,3,3
21346,1,1
21347,1,1
21348,1,1
21349,1,1
21350,1,1
21351,23,13
21352,1,1
21353,5,2
21354,1,1
21355,7,7
21356,1,1
21357,1,1
21358,1,1
21359,4,4
21360,2,2
21361,1,1
21362,1,1
21363,1,1
21364,3,2
21365,4,3
21366,1,1
21367,2,2
21368,1,1
21369,2,2
21370,1,1
21371,1,1
21372,1,1
21373,2,2
21374,2,2
21375,1,1
21376,2,2
21377,3,2
21378,4,4
21379,2,2
21380,1,1
21381,8,6
21382,310,140
21383,2,2
21384,7,7
21385,2,2
21386,2,2
21387,6,5
21388,5,5
21389,1,1
21390,3,2
21391,1,1
21392,1,1
21393,1,1
21394,1,1
21395,1,1
21396,1,1
21397,4,3
21398,1,1
21399,1,1
21400,8,8
21401,10,8
21402,1,1
21403,1,1
21404,1,1
21405,1,1
21406,1,1
21407,1,1
21408,1,1
21409,3,2
21410,1,1
21411,2,2
21412,1,1
21413,1,1
21414,1,1
21415,1,1
21416,2,2
21417,1,1
21418,5,4
21419,3,2
21420,3,3
21421,1,1
21422,3,2
21423,1,1
21424,1,1
21425,2,2
21426,1,1
21427,1,1
21428,3,3
21429,1,1
21430,1,1
21431,1,1
21432,1,1
21433,1,1
21434,1,1
21435,1,1
21436,3,2
21437,1,1
21438,2,2
21439,1,1
21440,2,2
21441,1,1
21442,2,1
21443,1,1
21444,5,5
21445,1,1
21446,2,2
21447,15,13
21448,1,1
21449,1,1
21450,1,1
21451,1,1
21452,1,1
21453,4,4
21454,1,1
21455,1,1
21456,1,1
21457,1,1
21458,1,1
21459,1,1
21460,1,1
21461,1,1
21462,4,3
21463,1,1
21464,1,1
21465,1,1
21466,3,2
21467,1,1
21468,1,1
21469,1,1
21470,1,1
21471,1,1
21472,1,1
21473,1,1
21474,14,9
21475,1,1
21476,1,1
21477,6,4
21478,6,6
21479,2,2
21480,1,1
21481,1,1
21482,1,1
21483,2,2
21484,1,1
21485,1,1
21486,1,1
21487,1,1
21488,1,1
21489,4,3
21490,1,1
21491,2,2
21492,1,1
21493,1,1
21494,2,2
21495,1,1
21496,1,1
21497,3,2
21498,2,2
21499,1,1
21500,1,1
21501,1,1
21502,1,1
21503,3,3
21504,2,2
21505,1,1
21506,1,1
21507,1,1
21508,1,1
21509,3,3
21510,2,2
21511,1,1
21512,2,2
21513,2,2
21514,2,2
21515,1,1
21516,1,1
21517,1,1
21518,1,1
21519,1,1
21520,1,1
21521,1,1
21522,1,1
21523,3,2
21524,2,2
21525,1,1
21526,2,2
21527,1,1
21528,1,1
21529,1,1
21530,1,1
21531,4,2
21532,2,2
21533,3,2
21534,1,1
21535,1,1
21536,2,2
21537,2,2
21538,1,1
21539,5,4
21540,2,2
21541,2,2
21542,1,1
21543,1,1
21544,1,1
21545,4,4
21546,1,1
21547,1,1
21548,2,1
21549,3,3
21550,2,2
21551,1,1
21552,1,1
21553,1,1
21554,1,1
21555,1,1
21556,1,1
21557,1,1
21558,20,12
21559,7,3
21560,1,1
21561,1,1
21562,1,1
21563,4,3
21564,35,22
21565,6,5
21566,1,1
21567,1,1
21568,3,2
21569,1,1
21570,2,2
21571,1,1
21572,2,2
21573,1,1
21574,1,1
21575,1,1
21576,1,1
21577,1,1
21578,1,1
21579,1,1
21580,4,3
21581,1,1
21582,24,18
21583,11,10
21584,1,1
21585,1,1
21586,3,2
21587,1,1
21588,1,1
21589,1,1
21590,1,1
21591,1,1
21592,2,2
21593,1,1
21594,2,2
21595,2,2
21596,1,1
21597,2,2
21598,1,1
21599,1,1
21600,1,1
21601,1,1
21602,1,1
21603,1,1
21604,1,1
21605,1,1
21606,1,1
21607,1,1
21608,1,1
21609,1,1
21610,1,1
21611,1,1
21612,5,4
21613,1,1
21614,1,1
21615,1,1
21616,1,1
21617,7,5
21618,2,1
21619,4,3
21620,1,1
21621,1,1
21622,1,1
21623,9,6
21624,2,1
21625,1,1
21626,1,1
21627,1,1
21628,1,1
21629,1,1
21630,1,1
21631,2,2
21632,13,9
21633,3,2
21634,2,2
21635,1,1
21636,1,1
21637,1,1
21638,1,1
21639,5,3
21640,3,2
21641,1,1
21642,2,2
21643,1,1
21644,1,1
21645,1,1
21646,1,1
21647,1,1
21648,1,1
21649,1,1
21650,1,1
21651,2,2
21652,1,1
21653,1,1
21654,1,1
21655,1,1
21656,1,1
21657,3,3
21658,1,1
21659,1,1
21660,1,1
21661,1,1
21662,23,15
21663,1,1
21664,2,1
21665,1,1
21666,1,1
21667,17,17
21668,5,3
21669,1,1
21670,1,1
21671,1,1
21672,3,3
21673,1,1
21674,4,2
21675,1,1
21676,1,1
21677,2,2
21678,1,1
21679,1,1
21680,1,1
21681,2,1
21682,3,3
21683,1,1
21684,1,1
21685,2,2
21686,1,1
21687,1,1
21688,1,1
21689,2,2
21690,1,1
21691,52,17
21692,1,1
21693,1,1
21694,3,3
21695,2,2
21696,2,1
21697,1,1
21698,3,3
21699,1,1
21700,1,1
21701,2,2
21702,3,3
21703,13,7
21704,5,5
21705,2,2
21706,2,2
21707,2,2
21708,3,3
21709,1,1
21710,4,3
21711,2,2
21712,1,1
21713,3,2
21714,8,4
21715,2,2
21716,4,4
21717,6,4
21718,2,2
21719,2,2
21720,1,1
21721,2,2
21722,1,1
21723,13,9
21724,4,3
21725,1,1
21726,4,2
21727,6,2
21728,1,1
21729,5,5
21730,1,1
21731,21,14
21732,1,1
21733,2,1
21734,2,2
21735,1,1
21736,1,1
21737,1,1
21738,1,1
21739,1,1
21740,2,2
21741,2,1
21742,2,2
21743,1,1
21744,2,2
21745,2,2
21746,4,4
21747,11,8
21748,2,2
21749,2,2
21750,17,12
21751,4,4
21752,10,10
21753,7,3
21754,4,2
21755,4,3
21756,3,3
21757,2,2
21758,7,5
21759,2,2
21760,1,1
21761,13,10
21762,2,2
21763,10,6
21764,2,2
21765,8,3
21766,2,2
21767,2,2
21768,5,4
21769,15,9
21770,7,4
21771,2,2
21772,8,4
21773,2,2
21774,1,1
21775,2,2
21776,1,1
21777,2,2
21778,5,4
21779,1,1
21780,1,1
21781,1,1
21782,2,2
21783,1,1
21784,1,1
21785,1,1
21786,1,1
21787,1,1
21788,3,3
21789,1,1
21790,5,5
21791,6,4
21792,3,3
21793,1,1
21794,1,1
21795,2,2
21796,1,1
21797,3,2
21798,1,1
21799,2,2
21800,1,1
21801,1,1
21802,1,1
21803,1,1
21804,1,1
21805,1,1
21806,18,11
21807,2,2
21808,6,5
21809,1,1
21810,1,1
21811,1,1
21812,1,1
21813,6,4
21814,1,1
21815,2,2
21816,2,2
21817,17,10
21818,26,11
21819,3,2
21820,1,1
21821,1,1
21822,1,1
21823,2,2
21824,1,1
21825,1,1
21826,2,2
21827,1,1
21828,2,1
21829,2,2
21830,2,2
21831,1,1
21832,1,1
21833,1,1
21834,1,1
21835,1,1
21836,1,1
21837,1,1
21838,3,3
21839,2,2
21840,1,1
21841,1,1
21842,1,1
21843,1,1
21844,1,1
21845,2,2
21846,2,2
21847,1,1
21848,1,1
21849,1,1
21850,2,2
21851,1,1
21852,1,1
21853,2,2
21854,2,2
21855,2,2
21856,1,1
21857,1,1
21858,1,1
21859,1,1
21860,1,1
21861,3,1
21862,1,1
21863,1,1
21864,1,1
21865,1,1
21866,1,1
21867,2,2
21868,1,1
21869,1,1
21870,1,1
21871,2,2
21872,3,3
21873,1,1
21874,1,1
21875,4,3
21876,3,3
21877,2,1
21878,2,2
21879,1,1
21880,1,1
21881,1,1
21882,3,3
21883,1,1
21884,1,1
21885,2,2
21886,2,2
21887,2,2
21888,2,2
21889,4,4
21890,3,3
21891,1,1
21892,2,2
21893,2,2
21894,1,1
21895,3,2
21896,1,1
21897,1,1
21898,2,2
21899,1,1
21900,2,2
21901,4,3
21902,6,5
21903,1,1
21904,1,1
21905,2,2
21906,2,2
21907,8,7
21908,1,1
21909,1,1
21910,4,2
21911,2,2
21912,5,4
21913,4,2
21914,2,2
21915,1,1
21916,1,1
21917,1,1
21918,1,1
21919,1,1
21920,1,1
21921,2,1
21922,10,8
21923,2,1
21924,16,11
21925,1,1
21926,1,1
21927,2,2
21928,1,1
21929,3,3
21930,2,2
21931,2,2
21932,1,1
21933,1,1
21934,2,1
21935,1,1
21936,1,1
21937,6,5
21938,2,2
21939,3,3
21940,1,1
21941,1,1
21942,8,5
21943,1,1
21944,4,3
21945,1,1
21946,1,1
21947,1,1
21948,1,1
21949,1,1
21950,4,2
21951,1,1
21952,1,1
21953,1,1
21954,1,1
21955,1,1
21956,1,1
21957,1,1
21958,1,1
21959,1,1
21960,6,5
21961,1,1
21962,1,1
21963,1,1
21964,1,1
21965,1,1
21966,1,1
21967,5,4
21968,6,5
21969,1,1
21970,2,1
21971,2,1
21972,1,1
21973,1,1
21974,1,1
21975,1,1
21976,1,1
21977,1,1
21978,1,1
21979,1,1
21980,1,1
21981,1,1
21982,2,1
21983,1,1
21984,1,1
21985,7,4
21986,1,1
21987,2,2
21988,1,1
21989,3,3
21990,1,1
21991,11,6
21992,1,1
21993,1,1
21994,2,2
21995,1,1
21996,1,1
21997,1,1
21998,1,1
21999,1,1
22000,2,2
22001,7,5
22002,1,1
22003,1,1
22004,4,3
22005,1,1
22006,1,1
22007,1,1
22008,1,1
22009,5,3
22010,2,2
22011,1,1
22012,1,1
22013,1,1
22014,1,1
22015,2,2
22016,1,1
22017,1,1
22018,3,2
22019,1,1
22020,2,2
22021,1,1
22022,1,1
22023,2,2
22024,1,1
22025,40,20
22026,1,1
22027,1,1
22028,1,1
22029,1,1
22030,1,1
22031,1,1
22032,1,1
22033,1,1
22034,1,1
22035,1,1
22036,1,1
22037,1,1
22038,1,1
22039,2,1
22040,1,1
22041,2,1
22042,1,1
22043,1,1
22044,1,1
22045,1,1
22046,2,2
22047,10,4
22048,5,4
22049,3,2
22050,2,2
22051,3,2
22052,1,1
22053,1,1
22054,3,2
22055,1,1
22056,2,1
22057,2,1
22058,1,1
22059,12,10
22060,1,1
22061,1,1
22062,1,1
22063,2,2
22064,3,3
22065,2,2
22066,1,1
22067,1,1
22068,1,1
22069,1,1
22070,2,2
22071,3,3
22072,1,1
22073,1,1
22074,35,14
22075,1,1
22076,2,2
22077,1,1
22078,1,1
22079,1,1
22080,1,1
22081,1,1
22082,1,1
22083,1,1
22084,1,1
22085,1,1
22086,1,1
22087,1,1
22088,4,2
22089,1,1
22090,15,9
22091,1,1
22092,2,2
22093,2,2
22094,4,4
22095,3,2
22096,1,1
22097,2,1
22098,1,1
22099,1,1
22100,2,2
22101,1,1
22102,2,1
22103,1,1
22104,1,1
22105,1,1
22106,1,1
22107,2,1
22108,1,1
22109,2,1
22110,3,2
22111,1,1
22112,2,1
22113,2,2
22114,1,1
22115,1,1
22116,1,1
22117,1,1
22118,1,1
22119,1,1
22120,2,2
22121,1,1
22122,1,1
22123,1,1
22124,1,1
22125,1,1
22126,1,1
22127,1,1
22128,1,1
22129,1,1
22130,1,1
22131,2,2
22132,11,6
22133,1,1
22134,7,4
22135,3,2
22136,1,1
22137,1,1
22138,1,1
22139,2,1
22140,1,1
22141,1,1
22142,9,7
22143,1,1
22144,1,1
22145,1,1
22146,1,1
22147,1,1
22148,17,8
22149,1,1
22150,1,1
22151,1,1
22152,1,1
22153,1,1
22154,1,1
22155,4,2
22156,4,2
22157,12,6
22158,1,1
22159,1,1
22160,1,1
22161,1,1
22162,1,1
22163,1,1
22164,8,7
22165,3,2
22166,1,1
22167,3,3
22168,2,1
22169,1,1
22170,6,5
22171,3,3
22172,1,1
22173,7,6
22174,4,3
22175,2,2
22176,1,1
22177,2,1
22178,1,1
22179,2,1
22180,1,1
22181,1,1
22182,1,1
22183,2,2
22184,1,1
22185,3,2
22186,4,3
22187,1,1
22188,3,3
22189,1,1
22190,1,1
22191,1,1
22192,1,1
22193,1,1
22194,2,1
22195,2,2
22196,1,1
22197,4,4
22198,1,1
22199,4,3
22200,2,2
22201,2,2
22202,1,1
22203,1,1
22204,1,1
22205,2,2
22206,6,5
22207,1,1
22208,1,1
22209,1,1
22210,1,1
22211,3,3
22212,1,1
22213,1,1
22214,1,1
22215,1,1
22216,1,1
22217,1,1
22218,1,1
22219,1,1
22220,1,1
22221,1,1
22222,2,1
22223,4,4
22224,1,1
22225,1,1
22226,1,1
22227,1,1
22228,2,2
22229,2,1
22230,1,1
22231,1,1
22232,13,10
22233,1,1
22234,1,1
22235,1,1
22236,1,1
22237,4,4
22238,1,1
22239,1,1
22240,1,1
22241,1,1
22242,4,3
22243,4,3
22244,1,1
22245,7,6
22246,3,3
22247,6,5
22248,4,3
22249,1,1
22250,1,1
22251,1,1
22252,17,5
22253,5,4
22254,3,2
22255,1,1
22256,1,1
22257,1,1
22258,3,2
22259,4,3
22260,1,1
22261,3,2
22262,1,1
22263,1,1
22264,1,1
22265,5,3
22266,1,1
22267,1,1
22268,4,3
22269,1,1
22270,1,1
22271,6,6
22272,24,10
22273,2,1
22274,1,1
22275,1,1
22276,1,1
22277,2,2
22278,1,1
22279,1,1
22280,1,1
22281,1,1
22282,2,2
22283,9,6
22284,3,2
22285,1,1
22286,3,3
22287,1,1
22288,1,1
22289,1,1
22290,1,1
22291,1,1
22292,2,1
22293,1,1
22294,1,1
22295,1,1
22296,1,1
22297,1,1
22298,2,1
22299,1,1
22300,4,4
22301,3,2
22302,1,1
22303,4,3
22304,2,1
22305,3,2
22306,1,1
22307,3,3
22308,1,1
22309,2,2
22310,2,2
22311,1,1
22312,1,1
22313,2,2
22314,7,5
22315,1,1
22316,1,1
22317,1,1
22318,1,1
22319,1,1
22320,5,3
22321,1,1
22322,1,1
22323,1,1
22324,4,3
22325,1,1
22326,1,1
22327,2,2
22328,2,2
22329,1,1
22330,1,1
22331,2,1
22332,3,2
22333,1,1
22334,2,1
22335,1,1
22336,1,1
22337,2,2
22338,1,1
22339,3,3
22340,2,2
22341,1,1
22342,1,1
22343,1,1
22344,1,1
22345,1,1
22346,1,1
22347,2,2
22348,1,1
22349,1,1
22350,7,7
22351,1,1
22352,1,1
22353,1,1
22354,9,5
22355,1,1
22356,4,3
22357,1,1
22358,1,1
22359,2,2
22360,2,2
22361,1,1
22362,1,1
22363,2,2
22364,1,1
22365,1,1
22366,1,1
22367,1,1
22368,1,1
22369,1,1
22370,1,1
22371,3,2
22372,1,1
22373,1,1
22374,1,1
22375,1,1
22376,1,1
22377,1,1
22378,1,1
22379,1,1
22380,3,2
22381,1,1
22382,1,1
22383,1,1
22384,1,1
22385,1,1
22386,3,2
22387,1,1
22388,1,1
22389,1,1
22390,2,1
22391,4,4
22392,1,1
22393,1,1
22394,3,3
22395,1,1
22396,1,1
22397,1,1
22398,1,1
22399,1,1
22400,1,1
22401,1,1
22402,2,2
22403,1,1
22404,5,5
22405,1,1
22406,4,3
22407,1,1
22408,1,1
22409,1,1
22410,3,2
22411,1,1
22412,1,1
22413,2,2
22414,1,1
22415,1,1
22416,1,1
22417,2,1
22418,1,1
22419,1,1
22420,1,1
22421,1,1
22422,2,2
22423,1,1
22424,1,1
22425,2,1
22426,1,1
22427,1,1
22428,2,2
22429,1,1
22430,4,3
22431,1,1
22432,3,2
22433,1,1
22434,1,1
22435,2,2
22436,1,1
22437,3,2
22438,1,1
22439,1,1
22440,3,3
22441,2,1
22442,1,1
22443,2,2
22444,1,1
22445,1,1
22446,1,1
22447,1,1
22448,1,1
22449,8,5
22450,3,3
22451,1,1
22452,1,1
22453,2,2
22454,2,1
22455,1,1
22456,1,1
22457,2,2
22458,6,5
22459,7,4
22460,1,1
22461,1,1
22462,1,1
22463,1,1
22464,1,1
22465,1,1
22466,1,1
22467,2,2
22468,2,1
22469,5,2
22470,7,4
22471,2,1
22472,1,1
22473,2,1
22474,1,1
22475,1,1
22476,2,2
22477,1,1
22478,2,2
22479,1,1
22480,3,3
22481,1,1
22482,1,1
22483,1,1
22484,2,2
22485,1,1
22486,1,1
22487,5,3
22488,2,2
22489,1,1
22490,2,1
22491,2,2
22492,1,1
22493,1,1
22494,1,1
22495,1,1
22496,2,2
22497,1,1
22498,1,1
22499,2,1
22500,4,3
22501,1,1
22502,1,1
22503,1,1
22504,2,1
22505,1,1
22506,1,1
22507,1,1
22508,1,1
22509,5,3
22510,2,2
22511,1,1
22512,1,1
22513,1,1
22514,2,1
22515,42,23
22516,1,1
22517,1,1
22518,1,1
22519,1,1
22520,14,7
22521,1,1
22522,1,1
22523,1,1
22524,2,2
22525,2,2
22526,2,1
22527,1,1
22528,3,2
22529,1,1
22530,8,8
22531,1,1
22532,1,1
22533,1,1
22534,1,1
22535,1,1
22536,1,1
22537,2,1
22538,1,1
22539,1,1
22540,1,1
22541,1,1
22542,1,1
22543,1,1
22544,2,2
22545,2,2
22546,1,1
22547,2,2
22548,1,1
22549,1,1
22550,1,1
22551,1,1
22552,1,1
22553,1,1
22554,1,1
22555,1,1
22556,1,1
22557,1,1
22558,3,2
22559,1,1
22560,1,1
22561,4,2
22562,1,1
22563,1,1
22564,16,7
22565,1,1
22566,6,3
22567,1,1
22568,1,1
22569,1,1
22570,2,1
22571,2,2
22572,1,1
22573,1,1
22574,1,1
22575,1,1
22576,1,1
22577,3,2
22578,1,1
22579,1,1
22580,3,3
22581,1,1
22582,1,1
22583,1,1
22584,1,1
22585,2,1
22586,1,1
22587,1,1
22588,1,1
22589,1,1
22590,1,1
22591,1,1
22592,1,1
22593,1,1
22594,1,1
22595,1,1
22596,1,1
22597,2,2
22598,1,1
22599,1,1
22600,1,1
22601,2,1
22602,1,1
22603,1,1
22604,1,1
22605,2,2
22606,1,1
22607,2,2
22608,4,2
22609,1,1
22610,1,1
22611,1,1
22612,2,2
22613,3,3
22614,1,1
22615,2,1
22616,1,1
22617,1,1
22618,1,1
22619,5,3
22620,1,1
22621,1,1
22622,1,1
22623,1,1
22624,1,1
22625,1,1
22626,1,1
22627,8,8
22628,1,1
22629,1,1
22630,6,4
22631,1,1
22632,1,1
22633,1,1
22634,1,1
22635,1,1
22636,3,3
22637,1,1
22638,5,4
22639,1,1
22640,3,2
22641,5,4
22642,2,2
22643,1,1
22644,1,1
22645,1,1
22646,4,3
22647,1,1
22648,1,1
22649,1,1
22650,2,1
22651,1,1
22652,2,2
22653,6,4
22654,8,6
22655,2,1
22656,1,1
22657,2,2
22658,2,2
22659,1,1
22660,1,1
22661,1,1
22662,2,2
22663,1,1
22664,8,5
22665,1,1
22666,3,3
22667,1,1
22668,1,1
22669,1,1
22670,1,1
22671,2,2
22672,2,2
22673,3,3
22674,2,1
22675,1,1
22676,2,2
22677,2,2
22678,6,3
22679,1,1
22680,1,1
22681,1,1
22682,8,6
22683,1,1
22684,1,1
22685,1,1
22686,1,1
22687,1,1
22688,2,2
22689,2,2
22690,2,2
22691,3,2
22692,1,1
22693,2,2
22694,3,3
22695,9,5
22696,2,1
22697,2,2
22698,1,1
22699,2,2
22700,18,12
22701,1,1
22702,1,1
22703,3,2
22704,1,1
22705,3,3
22706,1,1
22707,1,1
22708,1,1
22709,1,1
22710,1,1
22711,1,1
22712,4,3
22713,1,1
22714,2,1
22715,1,1
22716,2,2
22717,1,1
22718,2,2
22719,2,1
22720,1,1
22721,1,1
22722,1,1
22723,2,1
22724,2,1
22725,13,6
22726,3,3
22727,1,1
22728,1,1
22729,1,1
22730,1,1
22731,2,2
22732,1,1
22733,1,1
22734,2,1
22735,1,1
22736,2,2
22737,1,1
22738,1,1
22739,1,1
22740,1,1
22741,4,2
22742,1,1
22743,3,2
22744,1,1
22745,1,1
22746,1,1
22747,1,1
22748,1,1
22749,1,1
22750,1,1
22751,1,1
22752,1,1
22753,1,1
22754,1,1
22755,1,1
22756,1,1
22757,3,3
22758,1,1
22759,4,3
22760,19,11
22761,1,1
22762,16,8
22763,1,1
22764,1,1
22765,1,1
22766,1,1
22767,1,1
22768,1,1
22769,1,1
22770,1,1
22771,1,1
22772,2,1
22773,1,1
22774,2,1
22775,1,1
22776,1,1
22777,3,2
22778,1,1
22779,1,1
22780,2,2
22781,1,1
22782,1,1
22783,1,1
22784,12,6
22785,3,3
22786,1,1
22787,1,1
22788,1,1
22789,4,3
22790,1,1
22791,1,1
22792,1,1
22793,2,2
22794,2,1
22795,1,1
22796,2,1
22797,1,1
22798,2,2
22799,1,1
22800,1,1
22801,1,1
22802,1,1
22803,3,2
22804,2,2
22805,1,1
22806,9,5
22807,1,1
22808,1,1
22809,1,1
22810,1,1
22811,1,1
22812,1,1
22813,1,1
22814,2,1
22815,2,2
22816,1,1
22817,1,1
22818,1,1
22819,1,1
22820,1,1
22821,1,1
22822,1,1
22823,1,1
22824,1,1
22825,27,9
22826,1,1
22827,5,4
22828,1,1
22829,1,1
22830,1,1
22831,1,1
22832,1,1
22833,1,1
22834,5,3
22835,1,1
22836,1,1
22837,1,1
22838,1,1
22839,8,6
22840,3,3
22841,11,7
22842,2,2
22843,2,1
22844,5,2
22845,1,1
22846,3,2
22847,2,1
22848,7,5
22849,1,1
22850,1,1
22851,1,1
22852,42,14
22853,9,5
22854,1,1
22855,1,1
22856,1,1
22857,2,2
22858,1,1
22859,7,5
22860,1,1
22861,1,1
22862,1,1
22863,2,1
22864,1,1
22865,1,1
22866,1,1
22867,1,1
22868,1,1
22869,2,2
22870,1,1
22871,2,2
22872,1,1
22873,5,4
22874,2,1
22875,1,1
22876,15,9
22877,1,1
22878,12,12
22879,2,2
22880,1,1
22881,4,3
22882,1,1
22883,1,1
22884,1,1
22885,2,2
22886,1,1
22887,7,5
22888,1,1
22889,1,1
22890,1,1
22891,2,2
22892,1,1
22893,2,1
22894,9,4
22895,1,1
22896,3,2
22897,3,3
22898,1,1
22899,1,1
22900,1,1
22901,1,1
22902,4,3
22903,2,2
22904,6,5
22905,1,1
22906,2,2
22907,1,1
22908,1,1
22909,1,1
22910,1,1
22911,1,1
22912,1,1
22913,2,2
22914,3,2
22915,1,1
22916,1,1
22917,1,1
22918,1,1
22919,1,1
22920,1,1
22921,1,1
22922,1,1
22923,1,1
22924,2,2
22925,2,2
22926,1,1
22927,1,1
22928,2,2
22929,1,1
22930,8,4
22931,2,2
22932,1,1
22933,2,2
22934,2,2
22935,2,1
22936,1,1
22937,2,2
22938,1,1
22939,1,1
22940,3,3
22941,1,1
22942,1,1
22943,1,1
22944,1,1
22945,1,1
22946,1,1
22947,1,1
22948,1,1
22949,1,1
22950,6,3
22951,2,2
22952,1,1
22953,3,3
22954,1,1
22955,1,1
22956,1,1
22957,1,1
22958,1,1
22959,1,1
22960,1,1
22961,1,1
22962,5,3
22963,2,2
22964,1,1
22965,1,1
22966,1,1
22967,1,1
22968,4,3
22969,2,1
22970,4,2
22971,2,2
22972,1,1
22973,1,1
22974,1,1
22975,2,1
22976,1,1
22977,1,1
22978,7,5
22979,1,1
22980,1,1
22981,1,1
22982,2,2
22983,1,1
22984,1,1
22985,1,1
22986,2,1
22987,1,1
22988,2,1
22989,1,1
22990,1,1
22991,1,1
22992,1,1
22993,1,1
22994,1,1
22995,2,2
22996,1,1
22997,2,1
22998,1,1
22999,1,1
23000,1,1
23001,3,3
23002,1,1
23003,1,1
23004,2,2
23005,1,1
23006,1,1
23007,3,3
23008,2,2
23009,1,1
23010,16,6
23011,2,2
23012,1,1
23013,2,2
23014,2,2
23015,1,1
23016,1,1
23017,1,1
23018,4,3
23019,1,1
23020,2,1
23021,1,1
23022,1,1
23023,2,2
23024,1,1
23025,1,1
23026,1,1
23027,1,1
23028,1,1
23029,1,1
23030,1,1
23031,3,2
23032,1,1
23033,15,8
23034,2,2
23035,1,1
23036,6,3
23037,3,3
23038,3,2
23039,1,1
23040,1,1
23041,1,1
23042,1,1
23043,4,2
23044,5,3
23045,1,1
23046,1,1
23047,1,1
23048,4,4
23049,2,2
23050,2,2
23051,1,1
23052,8,5
23053,2,2
23054,2,1
23055,6,5
23056,3,2
23057,1,1
23058,1,1
23059,1,1
23060,1,1
23061,1,1
23062,28,11
23063,6,3
23064,1,1
23065,6,5
23066,33,12
23067,1,1
23068,3,3
23069,8,5
23070,1,1
23071,2,2
23072,1,1
23073,1,1
23074,1,1
23075,1,1
23076,1,1
23077,1,1
23078,1,1
23079,3,2
23080,1,1
23081,2,2
23082,7,7
23083,2,2
23084,11,11
23085,1,1
23086,1,1
23087,3,3
23088,3,2
23089,2,2
23090,6,4
23091,1,1
23092,1,1
23093,1,1
23094,1,1
23095,2,1
23096,3,2
23097,1,1
23098,1,1
23099,1,1
23100,2,1
23101,1,1
23102,1,1
23103,2,2
23104,1,1
23105,1,1
23106,8,6
23107,6,2
23108,7,6
23109,2,2
23110,1,1
23111,3,2
23112,1,1
23113,2,2
23114,1,1
23115,3,1
23116,8,8
23117,1,1
23118,1,1
23119,1,1
23120,1,1
23121,2,1
23122,3,3
23123,1,1
23124,1,1
23125,1,1
23126,1,1
23127,3,2
23128,1,1
23129,2,2
23130,1,1
23131,1,1
23132,1,1
23133,1,1
23134,1,1
23135,2,2
23136,1,1
23137,1,1
23138,1,1
23139,1,1
23140,1,1
23141,2,2
23142,3,2
23143,1,1
23144,2,2
23145,1,1
23146,1,1
23147,1,1
23148,3,2
23149,1,1
23150,1,1
23151,8,6
23152,2,2
23153,1,1
23154,2,2
23155,1,1
23156,1,1
23157,3,3
23158,2,2
23159,1,1
23160,2,2
23161,6,6
23162,11,10
23163,1,1
23164,1,1
23165,2,2
23166,1,1
23167,6,4
23168,1,1
23169,1,1
23170,1,1
23171,1,1
23172,1,1
23173,1,1
23174,1,1
23175,11,8
23176,1,1
23177,2,2
23178,1,1
23179,3,2
23180,2,2
23181,1,1
23182,1,1
23183,1,1
23184,1,1
23185,4,3
23186,1,1
23187,1,1
23188,1,1
23189,2,2
23190,5,5
23191,1,1
23192,1,1
23193,3,2
23194,1,1
23195,1,1
23196,1,1
23197,7,7
23198,1,1
23199,2,2
23200,2,1
23201,1,1
23202,1,1
23203,12,7
23204,1,1
23205,1,1
23206,1,1
23207,2,2
23208,1,1
23209,1,1
23210,1,1
23211,1,1
23212,1,1
23213,1,1
23214,2,1
23215,1,1
23216,1,1
23217,1,1
23218,1,1
23219,1,1
23220,1,1
23221,1,1
23222,1,1
23223,1,1
23224,9,5
23225,1,1
23226,1,1
23227,1,1
23228,1,1
23229,1,1
23230,2,2
23231,1,1
23232,1,1
23233,3,2
23234,3,3
23235,1,1
23236,1,1
23237,1,1
23238,21,14
23239,1,1
23240,1,1
23241,2,1
23242,1,1
23243,1,1
23244,1,1
23245,1,1
23246,2,2
23247,23,11
23248,4,3
23249,1,1
23250,4,3
23251,1,1
23252,2,2
23253,3,2
23254,1,1
23255,2,2
23256,2,2
23257,1,1
23258,1,1
23259,1,1
23260,1,1
23261,2,2
23262,1,1
23263,2,2
23264,1,1
23265,2,1
23266,1,1
23267,1,1
23268,3,3
23269,2,2
23270,1,1
23271,1,1
23272,15,7
23273,1,1
23274,1,1
23275,4,4
23276,1,1
23277,1,1
23278,1,1
23279,1,1
23280,3,3
23281,1,1
23282,2,2
23283,1,1
23284,1,1
23285,6,4
23286,4,4
23287,1,1
23288,5,4
23289,9,7
23290,1,1
23291,4,3
23292,1,1
23293,9,7
23294,3,2
23295,2,2
23296,1,1
23297,1,1
23298,1,1
23299,1,1
23300,2,2
23301,1,1
23302,2,1
23303,21,14
23304,1,1
23305,2,1
23306,1,1
23307,3,3
23308,1,1
23309,1,1
23310,2,2
23311,1,1
23312,1,1
23313,1,1
23314,1,1
23315,1,1
23316,1,1
23317,1,1
23318,1,1
23319,17,8
23320,2,1
23321,3,3
23322,27,12
23323,1,1
23324,1,1
23325,1,1
23326,4,3
23327,1,1
23328,1,1
23329,1,1
23330,1,1
23331,1,1
23332,3,2
23333,1,1
23334,2,2
23335,1,1
23336,1,1
23337,1,1
23338,1,1
23339,1,1
23340,1,1
23341,1,1
23342,4,2
23343,1,1
23344,1,1
23345,3,3
23346,1,1
23347,1,1
23348,1,1
23349,1,1
23350,1,1
23351,1,1
23352,1,1
23353,1,1
23354,1,1
23355,1,1
23356,1,1
23357,3,1
23358,1,1
23359,2,2
23360,1,1
23361,1,1
23362,1,1
23363,4,3
23364,1,1
23365,1,1
23366,1,1
23367,2,2
23368,1,1
23369,1,1
23370,2,2
23371,2,2
23372,1,1
23373,1,1
23374,1,1
23375,2,2
23376,1,1
23377,1,1
23378,1,1
23379,2,2
23380,1,1
23381,1,1
23382,1,1
23383,1,1
23384,1,1
23385,1,1
23386,12,7
23387,1,1
23388,1,1
23389,1,1
23390,6,5
23391,1,1
23392,1,1
23393,1,1
23394,1,1
23395,1,1
23396,1,1
23397,1,1
23398,1,1
23399,1,1
23400,1,1
23401,2,2
23402,2,2
23403,1,1
23404,1,1
23405,3,2
23406,1,1
23407,1,1
23408,1,1
23409,1,1
23410,1,1
23411,1,1
23412,1,1
23413,1,1
23414,1,1
23415,1,1
23416,1,1
23417,1,1
23418,1,1
23419,2,1
23420,1,1
23421,1,1
23422,1,1
23423,2,2
23424,2,2
23425,2,2
23426,1,1
23427,3,3
23428,1,1
23429,1,1
23430,1,1
23431,1,1
23432,1,1
23433,11,6
23434,1,1
23435,3,3
23436,1,1
23437,54,12
23438,1,1
23439,2,2
23440,1,1
23441,2,2
23442,5,2
23443,8,7
23444,6,4
23445,3,2
23446,1,1
23447,2,2
23448,2,2
23449,6,3
23450,12,5
23451,1,1
23452,1,1
23453,1,1
23454,2,1
23455,1,1
23456,4,4
23457,1,1
23458,1,1
23459,2,1
23460,1,1
23461,1,1
23462,1,1
23463,2,1
23464,3,2
23465,2,2
23466,3,2
23467,1,1
23468,1,1
23469,1,1
23470,1,1
23471,3,2
23472,1,1
23473,1,1
23474,2,2
23475,4,3
23476,1,1
23477,3,2
23478,17,10
23479,2,2
23480,1,1
23481,2,2
23482,1,1
23483,1,1
23484,3,2
23485,1,1
23486,1,1
23487,1,1
23488,1,1
23489,1,1
23490,2,2
23491,1,1
23492,5,4
23493,1,1
23494,1,1
23495,1,1
23496,10,9
23497,10,9
23498,7,7
23499,1,1
23500,1,1
23501,2,1
23502,1,1
23503,3,3
23504,2,2
23505,1,1
23506,1,1
23507,1,1
23508,1,1
23509,1,1
23510,1,1
23511,3,2
23512,1,1
23513,1,1
23514,3,2
23515,1,1
23516,25,16
23517,1,1
23518,1,1
23519,1,1
23520,1,1
23521,1,1
23522,1,1
23523,1,1
23524,1,1
23525,1,1
23526,1,1
23527,1,1
23528,1,1
23529,13,7
23530,7,5
23531,1,1
23532,1,1
23533,2,2
23534,2,2
23535,2,1
23536,3,2
23537,1,1
23538,1,1
23539,1,1
23540,2,2
23541,1,1
23542,1,1
23543,1,1
23544,1,1
23545,1,1
23546,1,1
23547,2,2
23548,1,1
23549,2,1
23550,1,1
23551,2,2
23552,1,1
23553,1,1
23554,1,1
23555,1,1
23556,1,1
23557,2,1
23558,2,2
23559,13,7
23560,1,1
23561,1,1
23562,1,1
23563,1,1
23564,1,1
23565,1,1
23566,1,1
23567,1,1
23568,2,2
23569,1,1
23570,1,1
23571,2,1
23572,6,4
23573,1,1
23574,2,2
23575,1,1
23576,4,4
23577,1,1
23578,1,1
23579,2,2
23580,4,4
23581,1,1
23582,1,1
23583,5,5
23584,1,1
23585,1,1
23586,1,1
23587,1,1
23588,6,6
23589,10,8
23590,1,1
23591,1,1
23592,1,1
23593,1,1
23594,1,1
23595,2,2
23596,1,1
23597,2,2
23598,1,1
23599,2,1
23600,4,3
23601,1,1
23602,1,1
23603,1,1
23604,1,1
23605,2,2
23606,1,1
23607,5,4
23608,1,1
23609,1,1
23610,1,1
23611,1,1
23612,1,1
23613,1,1
23614,1,1
23615,1,1
23616,1,1
23617,1,1
23618,1,1
23619,4,2
23620,1,1
23621,3,2
23622,2,2
23623,1,1
23624,1,1
23625,2,2
23626,5,3
23627,1,1
23628,1,1
23629,3,2
23630,1,1
23631,2,2
23632,1,1
23633,1,1
23634,2,2
23635,1,1
23636,1,1
23637,4,4
23638,1,1
23639,3,2
23640,1,1
23641,1,1
23642,4,3
23643,2,1
23644,1,1
23645,1,1
23646,1,1
23647,6,4
23648,3,3
23649,2,2
23650,2,2
23651,1,1
23652,1,1
23653,1,1
23654,1,1
23655,1,1
23656,1,1
23657,1,1
23658,1,1
23659,7,4
23660,2,2
23661,1,1
23662,2,1
23663,1,1
23664,1,1
23665,1,1
23666,2,2
23667,1,1
23668,1,1
23669,1,1
23670,5,3
23671,1,1
23672,1,1
23673,2,2
23674,1,1
23675,1,1
23676,1,1
23677,2,2
23678,1,1
23679,3,3
23680,1,1
23681,1,1
23682,1,1
23683,1,1
23684,1,1
23685,1,1
23686,2,2
23687,1,1
23688,1,1
23689,1,1
23690,3,3
23691,2,2
23692,1,1
23693,2,2
23694,1,1
23695,1,1
23696,1,1
23697,1,1
23698,1,1
23699,7,6
23700,1,1
23701,5,3
23702,1,1
23703,7,2
23704,3,3
23705,1,1
23706,1,1
23707,2,2
23708,1,1
23709,1,1
23710,1,1
23711,1,1
23712,1,1
23713,1,1
23714,1,1
23715,1,1
23716,1,1
23717,1,1
23718,1,1
23719,6,4
23720,1,1
23721,1,1
23722,1,1
23723,1,1
23724,1,1
23725,1,1
23726,22,11
23727,1,1
23728,1,1
23729,2,2
23730,1,1
23731,1,1
23732,3,2
23733,1,1
23734,1,1
23735,7,4
23736,1,1
23737,1,1
23738,1,1
23739,2,2
23740,1,1
23741,1,1
23742,5,4
23743,1,1
23744,2,2
23745,1,1
23746,1,1
23747,1,1
23748,1,1
23749,1,1
23750,4,3
23751,2,2
23752,1,1
23753,1,1
23754,1,1
23755,1,1
23756,1,1
23757,1,1
23758,2,1
23759,2,2
23760,1,1
23761,1,1
23762,1,1
23763,1,1
23764,1,1
23765,2,2
23766,2,2
23767,1,1
23768,1,1
23769,1,1
23770,2,2
23771,1,1
23772,1,1
23773,1,1
23774,1,1
23775,1,1
23776,1,1
23777,1,1
23778,1,1
23779,1,1
23780,1,1
23781,1,1
23782,1,1
23783,1,1
23784,1,1
23785,1,1
23786,1,1
23787,1,1
23788,1,1
23789,2,1
23790,1,1
23791,1,1
23792,1,1
23793,1,1
23794,1,1
23795,1,1
23796,1,1
23797,18,11
23798,3,2
23799,1,1
23800,1,1
23801,3,3
23802,1,1
23803,1,1
23804,1,1
23805,1,1
23806,1,1
23807,2,1
23808,1,1
23809,1,1
23810,1,1
23811,1,1
23812,1,1
23813,2,2
23814,1,1
23815,1,1
23816,1,1
23817,2,2
23818,1,1
23819,1,1
23820,1,1
23821,1,1
23822,1,1
23823,3,2
23824,1,1
23825,1,1
23826,2,1
23827,1,1
23828,1,1
23829,1,1
23830,1,1
23831,1,1
23832,8,6
23833,2,2
23834,1,1
23835,1,1
23836,5,4
23837,1,1
23838,3,2
23839,2,2
23840,2,2
23841,4,4
23842,1,1
23843,1,1
23844,1,1
23845,4,3
23846,4,3
23847,1,1
23848,2,2
23849,1,1
23850,1,1
23851,2,2
23852,3,3
23853,1,1
23854,1,1
23855,10,5
23856,3,3
23857,2,2
23858,1,1
23859,1,1
23860,1,1
23861,1,1
23862,1,1
23863,14,8
23864,1,1
23865,1,1
23866,4,4
23867,3,2
23868,1,1
23869,1,1
23870,9,7
23871,1,1
23872,2,2
23873,13,9
23874,4,3
23875,3,3
23876,1,1
23877,4,3
23878,1,1
23879,1,1
23880,2,2
23881,1,1
23882,1,1
23883,8,5
23884,1,1
23885,7,4
23886,1,1
23887,1,1
23888,1,1
23889,5,4
23890,1,1
23891,1,1
23892,3,2
23893,18,11
23894,2,1
23895,1,1
23896,1,1
23897,3,2
23898,2,1
23899,1,1
23900,2,2
23901,1,1
23902,1,1
23903,4,3
23904,1,1
23905,1,1
23906,2,2
23907,3,3
23908,1,1
23909,1,1
23910,2,1
23911,1,1
23912,7,4
23913,1,1
23914,3,3
23915,2,1
23916,1,1
23917,1,1
23918,2,2
23919,4,3
23920,5,3
23921,1,1
23922,1,1
23923,3,3
23924,1,1
23925,1,1
23926,2,2
23927,1,1
23928,1,1
23929,3,2
23930,3,3
23931,2,2
23932,1,1
23933,1,1
23934,1,1
23935,1,1
23936,1,1
23937,1,1
23938,3,3
23939,1,1
23940,1,1
23941,1,1
23942,1,1
23943,1,1
23944,1,1
23945,1,1
23946,1,1
23947,1,1
23948,1,1
23949,2,1
23950,1,1
23951,9,7
23952,2,1
23953,3,2
23954,1,1
23955,1,1
23956,1,1
23957,1,1
23958,3,3
23959,1,1
23960,2,2
23961,1,1
23962,2,2
23963,1,1
23964,1,1
23965,1,1
23966,12,5
23967,1,1
23968,1,1
23969,5,4
23970,1,1
23971,1,1
23972,1,1
23973,3,3
23974,3,2
23975,3,2
23976,1,1
23977,1,1
23978,1,1
23979,1,1
23980,1,1
23981,1,1
23982,1,1
23983,1,1
23984,1,1
23985,1,1
23986,1,1
23987,1,1
23988,5,3
23989,1,1
23990,1,1
23991,1,1
23992,2,2
23993,1,1
23994,1,1
23995,1,1
23996,3,3
23997,1,1
23998,1,1
23999,4,3
24000,2,1
24001,1,1
24002,1,1
24003,2,1
24004,10,10
24005,3,3
24006,1,1
24007,1,1
24008,1,1
24009,2,2
24010,2,1
24011,1,1
24012,1,1
24013,3,3
24014,1,1
24015,2,1
24016,2,2
24017,1,1
24018,1,1
24019,4,3
24020,2,2
24021,1,1
24022,1,1
24023,1,1
24024,4,3
24025,5,4
24026,2,2
24027,1,1
24028,1,1
24029,10,5
24030,1,1
24031,1,1
24032,2,1
24033,3,2
24034,9,6
24035,9,8
24036,1,1
24037,1,1
24038,2,2
24039,1,1
24040,1,1
24041,4,2
24042,4,3
24043,1,1
24044,1,1
24045,1,1
24046,1,1
24047,6,5
24048,1,1
24049,4,2
24050,1,1
24051,1,1
24052,1,1
24053,4,2
24054,1,1
24055,1,1
24056,1,1
24057,1,1
24058,1,1
24059,1,1
24060,1,1
24061,1,1
24062,1,1
24063,2,1
24064,1,1
24065,3,3
24066,2,2
24067,1,1
24068,4,3
24069,1,1
24070,1,1
24071,1,1
24072,1,1
24073,1,1
24074,2,2
24075,1,1
24076,1,1
24077,1,1
24078,5,2
24079,2,2
24080,8,6
24081,1,1
24082,8,6
24083,2,2
24084,3,3
24085,3,2
24086,1,1
24087,1,1
24088,4,2
24089,2,1
24090,2,2
24091,1,1
24092,1,1
24093,1,1
24094,1,1
24095,3,2
24096,6,6
24097,2,2
24098,2,2
24099,1,1
24100,1,1
24101,6,4
24102,2,1
24103,1,1
24104,3,2
24105,1,1
24106,1,1
24107,1,1
24108,1,1
24109,1,1
24110,3,2
24111,1,1
24112,1,1
24113,5,2
24114,1,1
24115,2,1
24116,7,6
24117,1,1
24118,2,1
24119,2,2
24120,2,1
24121,14,11
24122,1,1
24123,4,3
24124,1,1
24125,1,1
24126,1,1
24127,4,3
24128,2,2
24129,2,2
24130,3,2
24131,2,1
24132,1,1
24133,1,1
24134,1,1
24135,1,1
24136,3,2
24137,4,3
24138,2,2
24139,1,1
24140,1,1
24141,1,1
24142,2,2
24143,7,4
24144,5,4
24145,4,2
24146,1,1
24147,1,1
24148,1,1
24149,1,1
24150,1,1
24151,5,4
24152,1,1
24153,1,1
24154,1,1
24155,3,2
24156,2,2
24157,1,1
24158,1,1
24159,1,1
24160,1,1
24161,1,1
24162,3,2
24163,14,8
24164,1,1
24165,6,4
24166,1,1
24167,1,1
24168,1,1
24169,2,2
24170,2,2
24171,1,1
24172,1,1
24173,1,1
24174,3,3
24175,2,2
24176,30,15
24177,2,2
24178,1,1
24179,1,1
24180,2,2
24181,1,1
24182,1,1
24183,1,1
24184,1,1
24185,1,1
24186,2,2
24187,1,1
24188,1,1
24189,1,1
24190,1,1
24191,1,1
24192,4,3
24193,1,1
24194,1,1
24195,2,2
24196,1,1
24197,1,1
24198,1,1
24199,1,1
24200,3,2
24201,1,1
24202,2,2
24203,1,1
24204,1,1
24205,1,1
24206,1,1
24207,4,3
24208,1,1
24209,2,2
24210,2,1
24211,2,2
24212,8,4
24213,1,1
24214,1,1
24215,1,1
24216,1,1
24217,1,1
24218,1,1
24219,1,1
24220,2,2
24221,1,1
24222,3,2
24223,1,1
24224,1,1
24225,1,1
24226,1,1
24227,1,1
24228,1,1
24229,2,2
24230,1,1
24231,2,2
24232,2,1
24233,1,1
24234,1,1
24235,1,1
24236,1,1
24237,4,3
24238,1,1
24239,3,3
24240,1,1
24241,8,5
24242,2,2
24243,1,1
24244,2,2
24245,4,3
24246,1,1
24247,1,1
24248,1,1
24249,1,1
24250,5,4
24251,1,1
24252,1,1
24253,1,1
24254,2,1
24255,1,1
24256,17,6
24257,1,1
24258,1,1
24259,1,1
24260,8,8
24261,1,1
24262,1,1
24263,8,5
24264,1,1
24265,1,1
24266,1,1
24267,1,1
24268,2,2
24269,1,1
24270,1,1
24271,1,1
24272,1,1
24273,1,1
24274,1,1
24275,1,1
24276,1,1
24277,3,2
24278,1,1
24279,2,2
24280,1,1
24281,2,1
24282,1,1
24283,7,6
24284,1,1
24285,1,1
24286,2,1
24287,1,1
24288,2,2
24289,1,1
24290,4,1
24291,3,1
24292,2,2
24293,2,2
24294,1,1
24295,3,3
24296,1,1
24297,70,18
24298,2,2
24299,1,1
24300,1,1
24301,1,1
24302,19,13
24303,2,2
24304,2,2
24305,1,1
24306,2,2
24307,1,1
24308,1,1
24309,1,1
24310,1,1
24311,14,9
24312,4,2
24313,1,1
24314,1,1
24315,2,2
24316,2,2
24317,4,3
24318,1,1
24319,1,1
24320,8,6
24321,2,2
24322,1,1
24323,3,2
24324,1,1
24325,4,2
24326,9,6
24327,1,1
24328,3,3
24329,12,5
24330,1,1
24331,1,1
24332,1,1
24333,1,1
24334,1,1
24335,2,1
24336,1,1
24337,1,1
24338,1,1
24339,1,1
24340,6,3
24341,2,2
24342,3,2
24343,4,3
24344,1,1
24345,4,4
24346,1,1
24347,1,1
24348,1,1
24349,3,2
24350,2,2
24351,1,1
24352,1,1
24353,1,1
24354,1,1
24355,1,1
24356,1,1
24357,1,1
24358,1,1
24359,1,1
24360,3,3
24361,1,1
24362,3,2
24363,1,1
24364,1,1
24365,1,1
24366,1,1
24367,1,1
24368,1,1
24369,8,4
24370,1,1
24371,1,1
24372,2,2
24373,1,1
24374,3,2
24375,1,1
24376,1,1
24377,1,1
24378,1,1
24379,3,3
24380,25,13
24381,1,1
24382,8,4
24383,2,1
24384,3,2
24385,1,1
24386,1,1
24387,1,1
24388,1,1
24389,1,1
24390,1,1
24391,2,1
24392,1,1
24393,1,1
24394,2,1
24395,3,3
24396,2,2
24397,11,8
24398,1,1
24399,1,1
24400,3,2
24401,1,1
24402,2,1
24403,2,2
24404,1,1
24405,2,2
24406,1,1
24407,1,1
24408,3,3
24409,1,1
24410,1,1
24411,1,1
24412,1,1
24413,1,1
24414,1,1
24415,1,1
24416,1,1
24417,1,1
24418,1,1
24419,2,1
24420,15,8
24421,4,2
24422,1,1
24423,1,1
24424,1,1
24425,1,1
24426,1,1
24427,1,1
24428,1,1
24429,2,2
24430,1,1
24431,1,1
24432,5,3
24433,1,1
24434,1,1
24435,6,2
24436,1,1
24437,1,1
24438,1,1
24439,5,3
24440,1,1
24441,1,1
24442,1,1
24443,10,5
24444,1,1
24445,6,4
24446,5,4
24447,1,1
24448,1,1
24449,1,1
24450,1,1
24451,3,3
24452,1,1
24453,1,1
24454,1,1
24455,1,1
24456,2,1
24457,9,8
24458,1,1
24459,1,1
24460,1,1
24461,2,1
24462,1,1
24463,1,1
24464,1,1
24465,1,1
24466,1,1
24467,8,5
24468,1,1
24469,1,1
24470,2,2
24471,1,1
24472,2,1
24473,1,1
24474,4,3
24475,2,1
24476,1,1
24477,1,1
24478,1,1
24479,1,1
24480,1,1
24481,1,1
24482,1,1
24483,1,1
24484,1,1
24485,2,1
24486,3,2
24487,1,1
24488,1,1
24489,1,1
24490,1,1
24491,4,3
24492,1,1
24493,3,2
24494,2,2
24495,2,1
24496,2,2
24497,2,2
24498,25,11
24499,1,1
24500,7,4
24501,1,1
24502,1,1
24503,2,2
24504,1,1
24505,1,1
24506,2,2
24507,1,1
24508,1,1
24509,1,1
24510,1,1
24511,1,1
24512,1,1
24513,2,2
24514,2,2
24515,2,2
24516,2,2
24517,2,1
24518,2,2
24519,4,4
24520,2,2
24521,1,1
24522,1,1
24523,2,2
24524,1,1
24525,1,1
24526,1,1
24527,1,1
24528,1,1
24529,1,1
24530,1,1
24531,1,1
24532,2,1
24533,4,4
24534,1,1
24535,6,4
24536,4,4
24537,1,1
24538,3,2
24539,1,1
24540,5,5
24541,1,1
24542,1,1
24543,2,2
24544,1,1
24545,1,1
24546,2,1
24547,1,1
24548,1,1
24549,1,1
24550,1,1
24551,2,2
24552,1,1
24553,1,1
24554,1,1
24555,1,1
24556,1,1
24557,1,1
24558,1,1
24559,7,4
24560,1,1
24561,1,1
24562,4,3
24563,1,1
24564,1,1
24565,1,1
24566,1,1
24567,4,2
24568,1,1
24569,1,1
24570,1,1
24571,1,1
24572,1,1
24573,4,2
24574,1,1
24575,2,2
24576,1,1
24577,1,1
24578,1,1
24579,2,2
24580,2,2
24581,1,1
24582,1,1
24583,3,3
24584,1,1
24585,1,1
24586,1,1
24587,7,6
24588,1,1
24589,1,1
24590,1,1
24591,1,1
24592,1,1
24593,3,3
24594,1,1
24595,1,1
24596,1,1
24597,1,1
24598,1,1
24599,1,1
24600,1,1
24601,1,1
24602,2,1
24603,1,1
24604,2,2
24605,3,3
24606,1,1
24607,1,1
24608,1,1
24609,7,5
24610,3,2
24611,1,1
24612,1,1
24613,1,1
24614,2,2
24615,3,3
24616,1,1
24617,1,1
24618,1,1
24619,1,1
24620,1,1
24621,2,2
24622,1,1
24623,4,3
24624,1,1
24625,1,1
24626,1,1
24627,1,1
24628,1,1
24629,2,1
24630,6,3
24631,1,1
24632,1,1
24633,1,1
24634,2,2
24635,1,1
24636,1,1
24637,1,1
24638,1,1
24639,1,1
24640,4,2
24641,2,2
24642,2,2
24643,1,1
24644,1,1
24645,1,1
24646,1,1
24647,2,2
24648,1,1
24649,1,1
24650,5,4
24651,1,1
24652,2,2
24653,1,1
24654,1,1
24655,1,1
24656,4,2
24657,1,1
24658,1,1
24659,1,1
24660,1,1
24661,3,3
24662,1,1
24663,2,2
24664,3,2
24665,1,1
24666,9,6
24667,1,1
24668,1,1
24669,3,3
24670,3,2
24671,1,1
24672,3,2
24673,1,1
24674,2,2
24675,2,2
24676,1,1
24677,4,4
24678,1,1
24679,1,1
24680,1,1
24681,7,5
24682,5,3
24683,1,1
24684,1,1
24685,1,1
24686,4,4
24687,1,1
24688,1,1
24689,3,3
24690,1,1
24691,1,1
24692,1,1
24693,1,1
24694,1,1
24695,2,2
24696,4,3
24697,1,1
24698,1,1
24699,1,1
24700,1,1
24701,4,3
24702,1,1
24703,1,1
24704,1,1
24705,1,1
24706,1,1
24707,1,1
24708,3,2
24709,1,1
24710,1,1
24711,1,1
24712,9,4
24713,2,1
24714,1,1
24715,1,1
24716,1,1
24717,1,1
24718,3,3
24719,1,1
24720,6,4
24721,1,1
24722,1,1
24723,1,1
24724,1,1
24725,2,1
24726,1,1
24727,1,1
24728,2,2
24729,1,1
24730,5,4
24731,1,1
24732,4,4
24733,6,5
24734,1,1
24735,3,2
24736,2,2
24737,1,1
24738,1,1
24739,1,1
24740,3,3
24741,1,1
24742,1,1
24743,1,1
24744,1,1
24745,1,1
24746,1,1
24747,10,6
24748,1,1
24749,1,1
24750,20,12
24751,1,1
24752,1,1
24753,1,1
24754,5,3
24755,1,1
24756,2,2
24757,2,1
24758,1,1
24759,1,1
24760,1,1
24761,6,3
24762,1,1
24763,1,1
24764,2,2
24765,1,1
24766,1,1
24767,1,1
24768,1,1
24769,2,1
24770,1,1
24771,1,1
24772,4,2
24773,3,2
24774,1,1
24775,1,1
24776,1,1
24777,1,1
24778,3,3
24779,2,2
24780,1,1
24781,1,1
24782,1,1
24783,1,1
24784,1,1
24785,1,1
24786,1,1
24787,1,1
24788,1,1
24789,1,1
24790,1,1
24791,1,1
24792,1,1
24793,2,1
24794,1,1
24795,1,1
24796,1,1
24797,1,1
24798,1,1
24799,1,1
24800,1,1
24801,1,1
24802,2,2
24803,1,1
24804,3,2
24805,1,1
24806,3,2
24807,1,1
24808,1,1
24809,1,1
24810,1,1
24811,1,1
24812,1,1
24813,1,1
24814,1,1
24815,1,1
24816,1,1
24817,1,1
24818,2,2
24819,1,1
24820,1,1
24821,1,1
24822,1,1
24823,3,3
24824,1,1
24825,1,1
24826,4,4
24827,1,1
24828,1,1
24829,2,2
24830,1,1
24831,1,1
24832,1,1
24833,1,1
24834,1,1
24835,1,1
24836,1,1
24837,1,1
24838,1,1
24839,1,1
24840,1,1
24841,1,1
24842,1,1
24843,1,1
24844,2,2
24845,1,1
24846,2,2
24847,1,1
24848,1,1
24849,1,1
24850,1,1
24851,2,2
24852,8,6
24853,1,1
24854,2,1
24855,1,1
24856,1,1
24857,9,7
24858,1,1
24859,1,1
24860,1,1
24861,1,1
24862,1,1
24863,2,1
24864,1,1
24865,2,2
24866,1,1
24867,3,3
24868,12,4
24869,2,1
24870,3,3
24871,1,1
24872,4,3
24873,128,76
24874,1,1
24875,14,6
24876,18,14
24877,2,2
24878,1,1
24879,5,4
24880,1,1
24881,2,2
24882,1,1
24883,1,1
24884,2,2
24885,1,1
24886,1,1
24887,2,1
24888,1,1
24889,1,1
24890,4,3
24891,2,2
24892,1,1
24893,2,2
24894,1,1
24895,3,2
24896,25,14
24897,1,1
24898,1,1
24899,4,3
24900,2,2
24901,1,1
24902,2,2
24903,3,3
24904,4,4
24905,2,2
24906,3,3
24907,1,1
24908,3,3
24909,1,1
24910,1,1
24911,1,1
24912,9,6
24913,3,3
24914,1,1
24915,1,1
24916,2,2
24917,3,2
24918,1,1
24919,2,2
24920,2,2
24921,1,1
24922,1,1
24923,3,3
24924,1,1
24925,1,1
24926,1,1
24927,1,1
24928,2,1
24929,1,1
24930,1,1
24931,1,1
24932,1,1
24933,1,1
24934,1,1
24935,2,2
24936,1,1
24937,1,1
24938,15,9
24939,2,2
24940,1,1
24941,1,1
24942,2,2
24943,1,1
24944,9,8
24945,4,2
24946,1,1
24947,4,3
24948,1,1
24949,1,1
24950,2,2
24951,1,1
24952,1,1
24953,2,1
24954,2,1
24955,1,1
24956,6,3
24957,2,2
24958,2,1
24959,1,1
24960,2,1
24961,1,1
24962,1,1
24963,1,1
24964,1,1
24965,2,1
24966,1,1
24967,1,1
24968,1,1
24969,1,1
24970,1,1
24971,1,1
24972,1,1
24973,1,1
24974,1,1
24975,1,1
24976,1,1
24977,1,1
24978,1,1
24979,3,3
24980,2,2
24981,5,4
24982,1,1
24983,2,2
24984,1,1
24985,1,1
24986,2,2
24987,1,1
24988,1,1
24989,1,1
24990,2,2
24991,1,1
24992,1,1
24993,1,1
24994,1,1
24995,1,1
24996,1,1
24997,1,1
24998,1,1
24999,2,2
25000,2,2
25001,1,1
25002,1,1
25003,1,1
25004,2,1
25005,1,1
25006,5,3
25007,4,2
25008,6,4
25009,1,1
25010,1,1
25011,2,2
25012,1,1
25013,1,1
25014,1,1
25015,1,1
25016,1,1
25017,1,1
25018,4,2
25019,1,1
25020,2,2
25021,1,1
25022,2,2
25023,1,1
25024,2,2
25025,1,1
25026,1,1
25027,4,3
25028,1,1
25029,4,2
25030,1,1
25031,1,1
25032,1,1
25033,1,1
25034,1,1
25035,1,1
25036,1,1
25037,2,2
25038,1,1
25039,1,1
25040,2,2
25041,1,1
25042,8,3
25043,7,4
25044,1,1
25045,1,1
25046,1,1
25047,1,1
25048,9,7
25049,1,1
25050,1,1
25051,1,1
25052,1,1
25053,1,1
25054,1,1
25055,2,1
25056,2,2
25057,1,1
25058,6,5
25059,1,1
25060,1,1
25061,3,3
25062,1,1
25063,1,1
25064,1,1
25065,1,1
25066,1,1
25067,1,1
25068,1,1
25069,1,1
25070,1,1
25071,1,1
25072,1,1
25073,2,2
25074,1,1
25075,1,1
25076,1,1
25077,1,1
25078,1,1
25079,2,2
25080,1,1
25081,1,1
25082,1,1
25083,1,1
25084,1,1
25085,1,1
25086,1,1
25087,1,1
25088,1,1
25089,1,1
25090,1,1
25091,1,1
25092,2,2
25093,1,1
25094,1,1
25095,1,1
25096,6,3
25097,1,1
25098,1,1
25099,1,1
25100,1,1
25101,1,1
25102,1,1
25103,1,1
25104,4,3
25105,1,1
25106,1,1
25107,3,2
25108,2,2
25109,2,1
25110,1,1
25111,1,1
25112,2,2
25113,4,2
25114,1,1
25115,2,2
25116,1,1
25117,3,1
25118,1,1
25119,15,9
25120,1,1
25121,2,2
25122,3,3
25123,1,1
25124,3,3
25125,1,1
25126,1,1
25127,1,1
25128,1,1
25129,2,1
25130,5,5
25131,1,1
25132,6,6
25133,3,1
25134,1,1
25135,1,1
25136,1,1
25137,1,1
25138,1,1
25139,1,1
25140,1,1
25141,1,1
25142,1,1
25143,2,2
25144,2,1
25145,1,1
25146,1,1
25147,2,2
25148,2,1
25149,1,1
25150,1,1
25151,1,1
25152,1,1
25153,1,1
25154,1,1
25155,2,1
25156,1,1
25157,2,2
25158,2,2
25159,1,1
25160,1,1
25161,1,1
25162,1,1
25163,1,1
25164,1,1
25165,1,1
25166,1,1
25167,3,2
25168,4,3
25169,1,1
25170,1,1
25171,1,1
25172,2,2
25173,1,1
25174,1,1
25175,1,1
25176,3,3
25177,18,10
25178,1,1
25179,1,1
25180,2,1
25181,1,1
25182,1,1
25183,1,1
25184,2,2
25185,1,1
25186,1,1
25187,2,1
25188,1,1
25189,1,1
25190,1,1
25191,1,1
25192,1,1
25193,1,1
25194,1,1
25195,1,1
25196,20,12
25197,1,1
25198,1,1
25199,1,1
25200,1,1
25201,7,6
25202,1,1
25203,2,2
25204,1,1
25205,5,4
25206,1,1
25207,4,2
25208,1,1
25209,1,1
25210,3,2
25211,1,1
25212,6,3
25213,1,1
25214,1,1
25215,1,1
25216,1,1
25217,1,1
25218,1,1
25219,4,3
25220,5,3
25221,1,1
25222,1,1
25223,1,1
25224,1,1
25225,1,1
25226,1,1
25227,1,1
25228,3,2
25229,3,2
25230,1,1
25231,1,1
25232,2,2
25233,3,2
25234,3,2
25235,1,1
25236,4,3
25237,1,1
25238,2,2
25239,1,1
25240,1,1
25241,1,1
25242,1,1
25243,2,1
25244,3,3
25245,1,1
25246,1,1
25247,1,1
25248,1,1
25249,1,1
25250,2,2
25251,4,2
25252,1,1
25253,1,1
25254,1,1
25255,1,1
25256,4,4
25257,1,1
25258,1,1
25259,1,1
25260,1,1
25261,1,1
25262,10,8
25263,2,2
25264,1,1
25265,8,5
25266,1,1
25267,7,6
25268,1,1
25269,1,1
25270,1,1
25271,1,1
25272,1,1
25273,1,1
25274,6,2
25275,1,1
25276,1,1
25277,1,1
25278,1,1
25279,1,1
25280,1,1
25281,3,3
25282,1,1
25283,1,1
25284,1,1
25285,1,1
25286,1,1
25287,1,1
25288,2,2
25289,2,2
25290,1,1
25291,1,1
25292,1,1
25293,1,1
25294,1,1
25295,4,3
25296,2,1
25297,1,1
25298,2,1
25299,1,1
25300,1,1
25301,1,1
25302,2,2
25303,1,1
25304,1,1
25305,1,1
25306,1,1
25307,1,1
25308,4,3
25309,1,1
25310,1,1
25311,1,1
25312,2,2
25313,4,2
25314,1,1
25315,1,1
25316,1,1
25317,3,2
25318,8,5
25319,1,1
25320,3,2
25321,1,1
25322,1,1
25323,6,5
25324,1,1
25325,1,1
25326,1,1
25327,1,1
25328,1,1
25329,1,1
25330,2,2
25331,1,1
25332,1,1
25333,1,1
25334,1,1
25335,3,3
25336,1,1
25337,1,1
25338,1,1
25339,2,2
25340,1,1
25341,2,2
25342,1,1
25343,1,1
25344,1,1
25345,2,1
25346,1,1
25347,2,2
25348,2,1
25349,1,1
25350,1,1
25351,3,3
25352,1,1
25353,1,1
25354,1,1
25355,1,1
25356,1,1
25357,2,2
25358,2,2
25359,1,1
25360,1,1
25361,1,1
25362,1,1
25363,2,2
25364,1,1
25365,1,1
25366,1,1
25367,1,1
25368,1,1
25369,1,1
25370,2,2
25371,1,1
25372,1,1
25373,1,1
25374,1,1
25375,1,1
25376,1,1
25377,1,1
25378,1,1
25379,1,1
25380,1,1
25381,2,1
25382,1,1
25383,1,1
25384,1,1
25385,1,1
25386,2,2
25387,1,1
25388,1,1
25389,1,1
25390,6,4
25391,1,1
25392,1,1
25393,1,1
25394,3,2
25395,1,1
25396,4,3
25397,1,1
25398,1,1
25399,1,1
25400,2,2
25401,1,1
25402,1,1
25403,2,1
25404,1,1
25405,1,1
25406,1,1
25407,10,4
25408,1,1
25409,1,1
25410,2,1
25411,1,1
25412,1,1
25413,2,2
25414,1,1
25415,2,2
25416,1,1
25417,1,1
25418,1,1
25419,1,1
25420,1,1
25421,1,1
25422,1,1
25423,2,1
25424,1,1
25425,1,1
25426,2,2
25427,1,1
25428,1,1
25429,1,1
25430,1,1
25431,1,1
25432,1,1
25433,3,2
25434,1,1
25435,1,1
25436,2,2
25437,3,2
25438,1,1
25439,1,1
25440,1,1
25441,1,1
25442,1,1
25443,1,1
25444,1,1
25445,1,1
25446,2,2
25447,1,1
25448,1,1
25449,1,1
25450,1,1
25451,1,1
25452,1,1
25453,3,3
25454,2,1
25455,1,1
25456,2,1
25457,1,1
25458,1,1
25459,1,1
25460,94,58
25461,1,1
25462,1,1
25463,1,1
25464,1,1
25465,1,1
25466,1,1
25467,1,1
25468,3,3
25469,2,1
25470,1,1
25471,1,1
25472,1,1
25473,2,1
25474,1,1
25475,1,1
25476,1,1
25477,1,1
25478,1,1
25479,1,1
25480,1,1
25481,2,2
25482,1,1
25483,1,1
25484,2,1
25485,2,2
25486,6,5
25487,1,1
25488,1,1
25489,1,1
25490,1,1
25491,6,3
25492,3,2
25493,2,2
25494,3,3
25495,1,1
25496,1,1
25497,1,1
25498,1,1
25499,2,1
25500,1,1
25501,2,1
25502,2,2
25503,1,1
25504,6,3
25505,1,1
25506,1,1
25507,1,1
25508,1,1
25509,1,1
25510,1,1
25511,3,3
25512,1,1
25513,1,1
25514,1,1
25515,1,1
25516,1,1
25517,1,1
25518,1,1
25519,1,1
25520,2,1
25521,1,1
25522,1,1
25523,1,1
25524,10,5
25525,1,1
25526,1,1
25527,1,1
25528,1,1
25529,1,1
25530,1,1
25531,2,2
25532,1,1
25533,1,1
25534,1,1
25535,1,1
25536,1,1
25537,2,2
25538,1,1
25539,4,4
25540,4,3
25541,1,1
25542,1,1
25543,1,1
25544,2,2
25545,1,1
25546,1,1
25547,1,1
25548,4,3
25549,1,1
25550,1,1
25551,1,1
25552,1,1
25553,2,2
25554,3,2
25555,2,2
25556,1,1
25557,1,1
25558,1,1
25559,21,13
25560,1,1
25561,3,2
25562,1,1
25563,4,2
25564,1,1
25565,1,1
25566,4,3
25567,1,1
25568,1,1
25569,1,1
25570,1,1
25571,1,1
25572,1,1
25573,1,1
25574,1,1
25575,1,1
25576,1,1
25577,1,1
25578,1,1
25579,6,4
25580,1,1
25581,1,1
25582,1,1
25583,1,1
25584,1,1
25585,1,1
25586,1,1
25587,1,1
25588,2,1
25589,4,4
25590,1,1
25591,1,1
25592,1,1
25593,3,2
25594,1,1
25595,7,2
25596,1,1
25597,1,1
25598,1,1
25599,2,2
25600,1,1
25601,1,1
25602,3,3
25603,4,2
25604,3,2
25605,1,1
25606,1,1
25607,1,1
25608,1,1
25609,1,1
25610,2,2
25611,11,9
25612,1,1
25613,1,1
25614,2,2
25615,12,7
25616,1,1
25617,1,1
25618,2,1
25619,1,1
25620,3,2
25621,1,1
25622,1,1
25623,1,1
25624,1,1
25625,1,1
25626,1,1
25627,1,1
25628,3,2
25629,3,3
25630,5,4
25631,1,1
25632,1,1
25633,2,2
25634,1,1
25635,1,1
25636,1,1
25637,7,6
25638,5,4
25639,1,1
25640,1,1
25641,2,2
25642,2,1
25643,1,1
25644,3,3
25645,8,3
25646,1,1
25647,3,2
25648,2,2
25649,1,1
25650,1,1
25651,1,1
25652,2,2
25653,2,1
25654,1,1
25655,2,2
25656,2,2
25657,1,1
25658,4,4
25659,374,119
25660,2,1
25661,1,1
25662,1,1
25663,2,2
25664,2,2
25665,1,1
25666,2,1
25667,1,1
25668,2,2
25669,1,1
25670,1,1
25671,2,2
25672,1,1
25673,4,4
25674,2,1
25675,10,6
25676,1,1
25677,2,1
25678,1,1
25679,1,1
25680,3,2
25681,1,1
25682,1,1
25683,12,5
25684,1,1
25685,1,1
25686,2,2
25687,1,1
25688,1,1
25689,2,1
25690,1,1
25691,1,1
25692,3,2
25693,1,1
25694,1,1
25695,2,2
25696,2,1
25697,1,1
25698,3,3
25699,2,2
25700,1,1
25701,1,1
25702,2,2
25703,1,1
25704,3,2
25705,1,1
25706,1,1
25707,2,2
25708,1,1
25709,1,1
25710,1,1
25711,1,1
25712,1,1
25713,1,1
25714,1,1
25715,2,1
25716,1,1
25717,1,1
25718,2,2
25719,8,4
25720,2,1
25721,2,2
25722,1,1
25723,1,1
25724,1,1
25725,1,1
25726,2,1
25727,1,1
25728,2,1
25729,1,1
25730,1,1
25731,1,1
25732,1,1
25733,2,2
25734,2,1
25735,1,1
25736,1,1
25737,1,1
25738,1,1
25739,1,1
25740,1,1
25741,6,4
25742,1,1
25743,1,1
25744,1,1
25745,2,2
25746,1,1
25747,2,1
25748,1,1
25749,3,2
25750,7,7
25751,1,1
25752,1,1
25753,1,1
25754,1,1
25755,1,1
25756,1,1
25757,1,1
25758,1,1
25759,2,2
25760,3,3
25761,1,1
25762,1,1
25763,1,1
25764,1,1
25765,1,1
25766,1,1
25767,2,2
25768,1,1
25769,1,1
25770,1,1
25771,1,1
25772,1,1
25773,6,5
25774,1,1
25775,2,1
25776,1,1
25777,1,1
25778,1,1
25779,1,1
25780,1,1
25781,3,2
25782,13,6
25783,1,1
25784,2,1
25785,1,1
25786,1,1
25787,3,2
25788,1,1
25789,4,2
25790,5,4
25791,2,1
25792,4,3
25793,1,1
25794,1,1
25795,1,1
25796,1,1
25797,2,2
25798,1,1
25799,1,1
25800,2,2
25801,11,6
25802,1,1
25803,2,1
25804,1,1
25805,2,2
25806,1,1
25807,2,2
25808,1,1
25809,2,2
25810,8,8
25811,1,1
25812,1,1
25813,1,1
25814,1,1
25815,1,1
25816,1,1
25817,1,1
25818,193,62
25819,1,1
25820,1,1
25821,4,3
25822,26,6
25823,1,1
25824,1,1
25825,60,19
25826,3,2
25827,1,1
25828,2,1
25829,4,2
25830,1,1
25831,2,1
25832,1,1
25833,1,1
25834,1,1
25835,1,1
25836,1,1
25837,1,1
25838,1,1
25839,1,1
25840,1,1
25841,1,1
25842,5,3
25843,1,1
25844,1,1
25845,1,1
25846,1,1
25847,1,1
25848,1,1
25849,1,1
25850,1,1
25851,1,1
25852,1,1
25853,2,1
25854,1,1
25855,4,2
25856,1,1
25857,2,2
25858,1,1
25859,1,1
25860,2,2
25861,1,1
25862,1,1
25863,1,1
25864,1,1
25865,1,1
25866,1,1
25867,2,2
25868,1,1
25869,1,1
25870,1,1
25871,3,3
25872,1,1
25873,10,5
25874,1,1
25875,1,1
25876,1,1
25877,1,1
25878,1,1
25879,1,1
25880,1,1
25881,3,3
25882,1,1
25883,1,1
25884,1,1
25885,1,1
25886,4,3
25887,1,1
25888,2,2
25889,1,1
25890,1,1
25891,1,1
25892,1,1
25893,2,2
25894,1,1
25895,1,1
25896,1,1
25897,2,2
25898,1,1
25899,5,4
25900,1,1
25901,1,1
25902,1,1
25903,1,1
25904,1,1
25905,18,12
25906,1,1
25907,1,1
25908,1,1
25909,1,1
25910,1,1
25911,1,1
25912,1,1
25913,1,1
25914,1,1
25915,1,1
25916,1,1
25917,2,1
25918,1,1
25919,3,2
25920,1,1
25921,1,1
25922,2,2
25923,5,3
25924,2,2
25925,3,2
25926,1,1
25927,1,1
25928,3,2
25929,1,1
25930,1,1
25931,1,1
25932,1,1
25933,1,1
25934,1,1
25935,1,1
25936,3,2
25937,1,1
25938,1,1
25939,1,1
25940,1,1
25941,1,1
25942,1,1
25943,1,1
25944,1,1
25945,6,4
25946,1,1
25947,6,4
25948,1,1
25949,19,9
25950,1,1
25951,1,1
25952,1,1
25953,2,1
25954,1,1
25955,2,2
25956,1,1
25957,4,3
25958,2,1
25959,1,1
25960,4,3
25961,1,1
25962,1,1
25963,1,1
25964,1,1
25965,4,3
25966,1,1
25967,1,1
25968,1,1
25969,1,1
25970,1,1
25971,7,7
25972,6,3
25973,1,1
25974,1,1
25975,9,6
25976,1,1
25977,1,1
25978,1,1
25979,1,1
25980,1,1
25981,5,3
25982,1,1
25983,2,2
25984,3,3
25985,2,1
25986,8,5
25987,1,1
25988,1,1
25989,1,1
25990,1,1
25991,1,1
25992,1,1
25993,6,4
25994,3,2
25995,1,1
25996,1,1
25997,1,1
25998,4,2
25999,1,1
26000,1,1
26001,1,1
26002,1,1
26003,1,1
26004,1,1
26005,4,3
26006,2,1
26007,2,2
26008,1,1
26009,2,2
26010,1,1
26011,3,2
26012,1,1
26013,1,1
26014,2,2
26015,1,1
26016,1,1
26017,9,5
26018,3,2
26019,1,1
26020,2,2
26021,1,1
26022,2,1
26023,1,1
26024,2,2
26025,1,1
26026,1,1
26027,1,1
26028,2,2
26029,2,1
26030,3,2
26031,1,1
26032,3,1
26033,2,2
26034,1,1
26035,1,1
26036,1,1
26037,5,5
26038,1,1
26039,2,2
26040,1,1
26041,1,1
26042,1,1
26043,7,5
26044,1,1
26045,1,1
26046,1,1
26047,1,1
26048,1,1
26049,1,1
26050,1,1
26051,1,1
26052,2,1
26053,1,1
26054,1,1
26055,455,121
26056,1,1
26057,3,2
26058,1,1
26059,1,1
26060,1,1
26061,1,1
26062,1,1
26063,1,1
26064,1,1
26065,1,1
26066,1,1
26067,1,1
26068,3,2
26069,2,2
26070,1,1
26071,1,1
26072,7,5
26073,1,1
26074,1,1
26075,1,1
26076,5,5
26077,1,1
26078,1,1
26079,1,1
26080,1,1
26081,1,1
26082,1,1
26083,7,2
26084,1,1
26085,1,1
26086,1,1
26087,1,1
26088,1,1
26089,1,1
26090,5,3
26091,1,1
26092,1,1
26093,1,1
26094,1,1
26095,2,1
26096,1,1
26097,1,1
26098,3,2
26099,8,6
26100,3,2
26101,1,1
26102,1,1
26103,1,1
26104,1,1
26105,1,1
26106,1,1
26107,1,1
26108,2,1
26109,2,2
26110,1,1
26111,1,1
26112,1,1
26113,2,1
26114,8,7
26115,1,1
26116,1,1
26117,1,1
26118,1,1
26119,1,1
26120,4,4
26121,1,1
26122,1,1
26123,1,1
26124,1,1
26125,1,1
26126,1,1
26127,1,1
26128,1,1
26129,1,1
26130,1,1
26131,1,1
26132,1,1
26133,1,1
26134,1,1
26135,1,1
26136,1,1
26137,1,1
26138,3,2
26139,1,1
26140,1,1
26141,1,1
26142,1,1
26143,1,1
26144,1,1
26145,1,1
26146,1,1
26147,1,1
26148,1,1
26149,5,3
26150,1,1
26151,1,1
26152,1,1
26153,1,1
26154,1,1
26155,1,1
26156,1,1
26157,1,1
26158,1,1
26159,2,2
26160,2,1
26161,1,1
26162,2,2
26163,1,1
26164,5,4
26165,1,1
26166,46,42
26167,1,1
26168,4,3
26169,1,1
26170,5,3
26171,1,1
26172,1,1
26173,1,1
26174,4,3
26175,1,1
26176,1,1
26177,3,2
26178,8,6
26179,2,2
26180,66,25
26181,3,3
26182,4,3
26183,1,1
26184,1,1
26185,6,4
26186,1,1
26187,1,1
26188,1,1
26189,3,3
26190,1,1
26191,1,1
26192,3,3
26193,1,1
26194,1,1
26195,1,1
26196,2,2
26197,3,3
26198,4,3
26199,1,1
26200,2,1
26201,1,1
26202,1,1
26203,1,1
26204,3,3
26205,2,2
26206,1,1
26207,3,3
26208,1,1
26209,2,2
26210,1,1
26211,1,1
26212,2,1
26213,6,5
26214,1,1
26215,1,1
26216,1,1
26217,1,1
26218,2,2
26219,1,1
26220,1,1
26221,3,2
26222,2,2
26223,1,1
26224,1,1
26225,1,1
26226,1,1
26227,1,1
26228,2,2
26229,1,1
26230,3,2
26231,1,1
26232,3,3
26233,2,2
26234,1,1
26235,19,14
26236,1,1
26237,3,3
26238,3,3
26239,1,1
26240,6,3
26241,1,1
26242,1,1
26243,1,1
26244,1,1
26245,1,1
26246,2,1
26247,1,1
26248,1,1
26249,1,1
26250,2,2
26251,1,1
26252,1,1
26253,3,2
26254,1,1
26255,2,2
26256,1,1
26257,1,1
26258,1,1
26259,1,1
26260,1,1
26261,5,2
26262,2,2
26263,1,1
26264,1,1
26265,1,1
26266,2,1
26267,1,1
26268,1,1
26269,1,1
26270,4,4
26271,2,2
26272,1,1
26273,2,2
26274,1,1
26275,1,1
26276,2,1
26277,1,1
26278,1,1
26279,1,1
26280,2,2
26281,1,1
26282,1,1
26283,1,1
26284,1,1
26285,1,1
26286,4,3
26287,1,1
26288,1,1
26289,3,2
26290,1,1
26291,1,1
26292,1,1
26293,1,1
26294,5,3
26295,2,2
26296,1,1
26297,1,1
26298,1,1
26299,4,3
26300,1,1
26301,1,1
26302,1,1
26303,2,1
26304,1,1
26305,2,2
26306,1,1
26307,1,1
26308,1,1
26309,3,2
26310,1,1
26311,3,2
26312,1,1
26313,1,1
26314,1,1
26315,1,1
26316,1,1
26317,1,1
26318,1,1
26319,1,1
26320,1,1
26321,7,6
26322,5,3
26323,1,1
26324,1,1
26325,1,1
26326,1,1
26327,2,1
26328,1,1
26329,2,1
26330,1,1
26331,2,1
26332,1,1
26333,4,3
26334,1,1
26335,4,3
26336,1,1
26337,3,2
26338,1,1
26339,4,3
26340,2,2
26341,2,1
26342,2,2
26343,2,1
26344,1,1
26345,1,1
26346,1,1
26347,1,1
26348,4,3
26349,1,1
26350,1,1
26351,1,1
26352,1,1
26353,1,1
26354,1,1
26355,1,1
26356,58,36
26357,1,1
26358,3,3
26359,2,2
26360,2,2
26361,2,2
26362,2,2
26363,1,1
26364,1,1
26365,1,1
26366,7,5
26367,1,1
26368,1,1
26369,1,1
26370,1,1
26371,196,102
26372,1,1
26373,1,1
26374,1,1
26375,5,3
26376,1,1
26377,1,1
26378,1,1
26379,1,1
26380,2,2
26381,1,1
26382,1,1
26383,1,1
26384,1,1
26385,1,1
26386,3,2
26387,1,1
26388,4,2
26389,7,4
26390,2,2
26391,1,1
26392,1,1
26393,1,1
26394,1,1
26395,1,1
26396,2,1
26397,1,1
26398,2,2
26399,1,1
26400,1,1
26401,2,2
26402,3,2
26403,2,1
26404,2,2
26405,1,1
26406,2,1
26407,1,1
26408,1,1
26409,2,1
26410,1,1
26411,6,3
26412,1,1
26413,1,1
26414,2,2
26415,1,1
26416,2,1
26417,2,1
26418,1,1
26419,3,2
26420,1,1
26421,1,1
26422,2,2
26423,1,1
26424,1,1
26425,1,1
26426,2,2
26427,1,1
26428,2,2
26429,4,2
26430,1,1
26431,1,1
26432,2,2
26433,1,1
26434,2,1
26435,4,3
26436,3,1
26437,2,2
26438,1,1
26439,1,1
26440,1,1
26441,1,1
26442,3,2
26443,1,1
26444,1,1
26445,1,1
26446,1,1
26447,2,2
26448,1,1
26449,1,1
26450,1,1
26451,2,1
26452,1,1
26453,1,1
26454,1,1
26455,1,1
26456,1,1
26457,2,2
26458,1,1
26459,1,1
26460,1,1
26461,3,2
26462,2,1
26463,1,1
26464,1,1
26465,1,1
26466,1,1
26467,1,1
26468,2,1
26469,1,1
26470,1,1
26471,2,1
26472,1,1
26473,3,2
26474,1,1
26475,1,1
26476,2,1
26477,3,2
26478,1,1
26479,9,7
26480,1,1
26481,1,1
26482,1,1
26483,1,1
26484,2,1
26485,1,1
26486,1,1
26487,1,1
26488,1,1
26489,1,1
26490,1,1
26491,1,1
26492,1,1
26493,2,2
26494,13,9
26495,1,1
26496,1,1
26497,1,1
26498,2,2
26499,1,1
26500,3,2
26501,1,1
26502,1,1
26503,3,2
26504,2,2
26505,1,1
26506,4,4
26507,2,2
26508,1,1
26509,1,1
26510,1,1
26511,1,1
26512,1,1
26513,1,1
26514,1,1
26515,2,1
26516,2,2
26517,6,4
26518,1,1
26519,1,1
26520,1,1
26521,1,1
26522,1,1
26523,1,1
26524,1,1
26525,1,1
26526,1,1
26527,1,1
26528,1,1
26529,1,1
26530,1,1
26531,1,1
26532,1,1
26533,2,2
26534,1,1
26535,1,1
26536,1,1
26537,1,1
26538,1,1
26539,1,1
26540,1,1
26541,1,1
26542,1,1
26543,2,2
26544,1,1
26545,1,1
26546,1,1
26547,1,1
26548,1,1
26549,2,2
26550,2,1
26551,1,1
26552,2,2
26553,1,1
26554,1,1
26555,1,1
26556,4,4
26557,1,1
26558,2,2
26559,1,1
26560,1,1
26561,5,5
26562,1,1
26563,3,2
26564,1,1
26565,1,1
26566,1,1
26567,1,1
26568,1,1
26569,1,1
26570,1,1
26571,1,1
26572,1,1
26573,4,2
26574,2,2
26575,4,1
26576,2,1
26577,1,1
26578,1,1
26579,1,1
26580,1,1
26581,1,1
26582,1,1
26583,1,1
26584,18,9
26585,1,1
26586,2,2
26587,4,2
26588,1,1
26589,2,1
26590,1,1
26591,2,2
26592,2,1
26593,1,1
26594,2,1
26595,1,1
26596,1,1
26597,1,1
26598,1,1
26599,1,1
26600,1,1
26601,1,1
26602,1,1
26603,2,2
26604,1,1
26605,2,1
26606,5,3
26607,1,1
26608,209,76
26609,1,1
26610,1,1
26611,1,1
26612,2,1
26613,3,2
26614,1,1
26615,1,1
26616,1,1
26617,5,4
26618,1,1
26619,2,2
26620,1,1
26621,1,1
26622,2,2
26623,1,1
26624,1,1
26625,1,1
26626,1,1
26627,2,2
26628,7,4
26629,1,1
26630,1,1
26631,2,2
26632,7,5
26633,1,1
26634,2,2
26635,1,1
26636,1,1
26637,1,1
26638,1,1
26639,1,1
26640,1,1
26641,1,1
26642,1,1
26643,9,4
26644,1,1
26645,1,1
26646,1,1
26647,3,3
26648,2,2
26649,6,3
26650,2,2
26651,1,1
26652,1,1
26653,2,1
26654,1,1
26655,30,9
26656,3,2
26657,1,1
26658,1,1
26659,1,1
26660,1,1
26661,2,2
26662,1,1
26663,1,1
26664,1,1
26665,1,1
26666,1,1
26667,1,1
26668,1,1
26669,1,1
26670,1,1
26671,1,1
26672,1,1
26673,2,1
26674,3,1
26675,1,1
26676,2,1
26677,1,1
26678,1,1
26679,1,1
26680,1,1
26681,1,1
26682,1,1
26683,1,1
26684,1,1
26685,1,1
26686,1,1
26687,1,1
26688,5,3
26689,3,2
26690,1,1
26691,2,1
26692,1,1
26693,3,2
26694,1,1
26695,6,4
26696,1,1
26697,1,1
26698,2,2
26699,2,2
26700,1,1
26701,1,1
26702,6,5
26703,1,1
26704,4,4
26705,2,2
26706,1,1
26707,1,1
26708,1,1
26709,1,1
26710,1,1
26711,1,1
26712,2,2
26713,1,1
26714,1,1
26715,1,1
26716,1,1
26717,1,1
26718,2,1
26719,1,1
26720,1,1
26721,1,1
26722,6,6
26723,1,1
26724,1,1
26725,2,1
26726,1,1
26727,2,2
26728,1,1
26729,1,1
26730,1,1
26731,1,1
26732,1,1
26733,7,4
26734,1,1
26735,1,1
26736,1,1
26737,1,1
26738,3,3
26739,1,1
26740,1,1
26741,1,1
26742,1,1
26743,1,1
26744,2,1
26745,1,1
26746,1,1
26747,2,1
26748,1,1
26749,1,1
26750,1,1
26751,2,1
26752,1,1
26753,1,1
26754,1,1
26755,1,1
26756,23,13
26757,1,1
26758,1,1
26759,1,1
26760,2,1
26761,1,1
26762,1,1
26763,2,1
26764,1,1
26765,1,1
26766,1,1
26767,7,5
26768,1,1
26769,1,1
26770,1,1
26771,1,1
26772,4,2
26773,3,2
26774,5,5
26775,1,1
26776,2,2
26777,2,1
26778,1,1
26779,1,1
26780,2,2
26781,1,1
26782,1,1
26783,1,1
26784,2,2
26785,1,1
26786,1,1
26787,1,1
26788,1,1
26789,3,3
26790,1,1
26791,1,1
26792,1,1
26793,1,1
26794,1,1
26795,2,2
26796,1,1
26797,1,1
26798,1,1
26799,142,42
26800,1,1
26801,4,3
26802,1,1
26803,1,1
26804,1,1
26805,1,1
26806,1,1
26807,2,1
26808,1,1
26809,1,1
26810,1,1
26811,1,1
26812,1,1
26813,3,3
26814,1,1
26815,1,1
26816,3,3
26817,1,1
26818,1,1
26819,1,1
26820,1,1
26821,3,3
26822,1,1
26823,1,1
26824,1,1
26825,1,1
26826,1,1
26827,1,1
26828,3,3
26829,1,1
26830,1,1
26831,2,2
26832,1,1
26833,3,2
26834,1,1
26835,1,1
26836,1,1
26837,3,3
26838,1,1
26839,1,1
26840,1,1
26841,1,1
26842,2,2
26843,1,1
26844,1,1
26845,1,1
26846,3,2
26847,1,1
26848,1,1
26849,1,1
26850,2,2
26851,1,1
26852,1,1
26853,1,1
26854,1,1
26855,1,1
26856,2,2
26857,1,1
26858,1,1
26859,1,1
26860,2,1
26861,2,1
26862,2,1
26863,1,1
26864,1,1
26865,1,1
26866,1,1
26867,1,1
26868,1,1
26869,1,1
26870,1,1
26871,1,1
26872,1,1
26873,1,1
26874,5,4
26875,1,1
26876,1,1
26877,8,7
26878,1,1
26879,1,1
26880,1,1
26881,1,1
26882,1,1
26883,1,1
26884,1,1
26885,7,6
26886,1,1
26887,1,1
26888,7,5
26889,1,1
26890,1,1
26891,3,2
26892,1,1
26893,2,1
26894,1,1
26895,1,1
26896,1,1
26897,1,1
26898,1,1
26899,1,1
26900,1,1
26901,1,1
26902,1,1
26903,1,1
26904,1,1
26905,1,1
26906,2,1
26907,1,1
26908,1,1
26909,1,1
26910,1,1
26911,1,1
26912,1,1
26913,2,2
26914,2,2
26915,2,1
26916,1,1
26917,1,1
26918,1,1
26919,1,1
26920,2,1
26921,1,1
26922,1,1
26923,1,1
26924,1,1
26925,1,1
26926,1,1
26927,4,2
26928,2,2
26929,4,3
26930,2,2
26931,3,3
26932,1,1
26933,20,10
26934,2,2
26935,1,1
26936,6,3
26937,1,1
26938,1,1
26939,1,1
26940,1,1
26941,1,1
26942,1,1
26943,1,1
26944,2,2
26945,3,3
26946,1,1
26947,2,2
26948,2,2
26949,2,2
26950,1,1
26951,2,2
26952,1,1
26953,1,1
26954,1,1
26955,1,1
26956,1,1
26957,2,2
26958,2,2
26959,3,3
26960,1,1
26961,9,6
26962,4,2
26963,2,2
26964,2,2
26965,2,2
26966,12,5
26967,1,1
26968,1,1
26969,1,1
26970,1,1
26971,1,1
26972,3,3
26973,1,1
26974,1,1
26975,2,2
26976,2,1
26977,1,1
26978,1,1
26979,1,1
26980,4,2
26981,2,2
26982,2,2
26983,2,2
26984,2,2
26985,2,2
26986,2,2
26987,2,2
26988,1,1
26989,7,6
26990,5,3
26991,5,3
26992,5,4
26993,2,2
26994,6,4
26995,3,3
26996,3,2
26997,2,2
26998,10,9
26999,2,2
27000,2,2
27001,8,5
27002,4,3
27003,1,1
27004,1,1
27005,2,2
27006,102,36
27007,2,2
27008,1,1
27009,645,121
27010,328,121
27011,1,1
27012,5,3
27013,1,1
27014,3,2
27015,3,3
27016,1,1
27017,1,1
27018,6,4
27019,1,1
27020,1,1
27021,2,2
27022,7,4
27023,1,1
27024,5,3
27025,1,1
27026,4,2
27027,2,2
27028,2,2
27029,2,2
27030,1,1
27031,2,2
27032,1,1
27033,1,1
27034,1,1
27035,1,1
27036,3,3
27037,1,1
27038,5,3
27039,1,1
27040,2,1
27041,1,1
27042,1,1
27043,1,1
27044,2,2
27045,2,2
27046,2,1
27047,6,5
27048,3,2
27049,1,1
27050,1,1
27051,22,11
27052,1,1
27053,1,1
27054,1,1
27055,2,2
27056,1,1
27057,1,1
27058,1,1
27059,1,1
27060,5,3
27061,8,3
27062,1,1
27063,1,1
27064,1,1
27065,1070,127
27066,1,1
27067,1,1
27068,2,2
27069,1,1
27070,1,1
27071,1,1
27072,1,1
27073,2,2
27074,1,1
27075,1,1
27076,1,1
27077,18,11
27078,1,1
27079,1,1
27080,1,1
27081,2,2
27082,1,1
27083,1,1
27084,1,1
27085,3,2
27086,1,1
27087,1,1
27088,4,2
27089,1,1
27090,1,1
27091,2,2
27092,1,1
27093,1,1
27094,1,1
27095,1,1
27096,1,1
27097,1,1
27098,1,1
27099,1,1
27100,5,3
27101,1,1
27102,1,1
27103,2,2
27104,1,1
27105,4,3
27106,1,1
27107,1,1
27108,1,1
27109,1,1
27110,2,2
27111,1,1
27112,1,1
27113,1,1
27114,2,2
27115,2,2
27116,439,121
27117,2,2
27118,1,1
27119,3,3
27120,3,3
27121,1,1
27122,3,2
27123,1,1
27124,1,1
27125,2,2
27126,1,1
27127,1,1
27128,1,1
27129,2,2
27130,1,1
27131,10,8
27132,1,1
27133,1,1
27134,2,2
27135,1,1
27136,1,1
27137,1,1
27138,6,6
27139,6,4
27140,1,1
27141,2,2
27142,5,2
27143,2,2
27144,2,2
27145,2,1
27146,1,1
27147,4,3
27148,1,1
27149,1,1
27150,31,14
27151,1,1
27152,1,1
27153,1,1
27154,1,1
27155,1,1
27156,1,1
27157,1,1
27158,1,1
27159,1,1
27160,8,3
27161,117,38
27162,1,1
27163,1,1
27164,1,1
27165,1,1
27166,1,1
27167,2,2
27168,1,1
27169,1,1
27170,1,1
27171,2,1
27172,1,1
27173,1,1
27174,1,1
27175,3,2
27176,1,1
27177,1,1
27178,6,5
27179,1,1
27180,1,1
27181,5,3
27182,1,1
27183,2,2
27184,1,1
27185,3,2
27186,1,1
27187,1,1
27188,1,1
27189,1,1
27190,1,1
27191,1,1
27192,1,1
27193,1,1
27194,1,1
27195,7,5
27196,1,1
27197,2,1
27198,1,1
27199,1,1
27200,6,3
27201,2,2
27202,453,98
27203,1,1
27204,1,1
27205,2,2
27206,1,1
27207,1,1
27208,1,1
27209,1,1
27210,1,1
27211,1,1
27212,1,1
27213,1,1
27214,1,1
27215,1,1
27216,1,1
27217,1,1
27218,1,1
27219,1,1
27220,1,1
27221,3,2
27222,3,3
27223,1,1
27224,1,1
27225,1,1
27226,2,2
27227,11,8
27228,1,1
27229,1,1
27230,1,1
27231,1,1
27232,1,1
27233,1,1
27234,1,1
27235,1,1
27236,1,1
27237,4,2
27238,1,1
27239,2,2
27240,3,2
27241,1,1
27242,18,10
27243,1,1
27244,1,1
27245,3,3
27246,1,1
27247,1,1
27248,1,1
27249,1,1
27250,1,1
27251,1,1
27252,1,1
27253,8,8
27254,1,1
27255,1,1
27256,1,1
27257,1,1
27258,1,1
27259,1,1
27260,3,2
27261,1,1
27262,1,1
27263,1,1
27264,1,1
27265,1,1
27266,1,1
27267,1,1
27268,1,1
27269,1,1
27270,1,1
27271,3,2
27272,1,1
27273,1,1
27274,1,1
27275,1,1
27276,1,1
27277,1,1
27278,2,2
27279,2,1
27280,1,1
27281,1,1
27282,1,1
27283,1,1
27284,1,1
27285,2,1
27286,1,1
27287,1,1
27288,1,1
27289,1,1
27290,1,1
27291,1,1
27292,101,49
27293,2,1
27294,1,1
27295,1,1
27296,1,1
27297,1,1
27298,1,1
27299,1,1
27300,1,1
27301,1,1
27302,2,2
27303,1,1
27304,1,1
27305,1,1
27306,1,1
27307,2,2
27308,4,4
27309,1,1
27310,2,2
27311,1,1
27312,1,1
27313,2,2
27314,1,1
27315,1,1
27316,1,1
27317,1,1
27318,1,1
27319,141,65
27320,1,1
27321,2,1
27322,1,1
27323,1,1
27324,3,2
27325,1,1
27326,3,2
27327,35,20
27328,1,1
27329,1,1
27330,1,1
27331,1,1
27332,1,1
27333,1,1
27334,1,1
27335,1,1
27336,1,1
27337,6,5
27338,1,1
27339,1,1
27340,3,3
27341,1,1
27342,1,1
27343,1,1
27344,2,2
27345,1,1
27346,7,6
27347,1,1
27348,1,1
27349,1,1
27350,324,86
27351,1,1
27352,2,2
27353,1,1
27354,1,1
27355,1,1
27356,1,1
27357,2,2
27358,1,1
27359,1,1
27360,1,1
27361,5,5
27362,1,1
27363,1,1
27364,1,1
27365,1,1
27366,1,1
27367,1,1
27368,1,1
27369,1,1
27370,1,1
27371,1,1
27372,22,13
27373,1,1
27374,5,5
27375,3,3
27376,1,1
27377,3,2
27378,1,1
27379,1,1
27380,2,1
27381,2,2
27382,2,1
27383,1,1
27384,1,1
27385,13,9
27386,2,1
27387,2,2
27388,1,1
27389,1,1
27390,2,2
27391,3,2
27392,4,4
27393,1,1
27394,4,3
27395,3,3
27396,2,2
27397,1,1
27398,3,2
27399,4,3
27400,2,1
27401,1,1
27402,1,1
27403,2,2
27404,1,1
27405,1,1
27406,1,1
27407,8,4
27408,1,1
27409,2,2
27410,1,1
27411,1,1
27412,1,1
27413,1,1
27414,3,2
27415,1,1
27416,1,1
27417,2,2
27418,1,1
27419,1,1
27420,2,2
27421,1,1
27422,5,3
27423,1,1
27424,1,1
27425,8,5
27426,1,1
27427,1,1
27428,1,1
27429,1,1
27430,7,4
27431,3,2
27432,1,1
27433,2,2
27434,1,1
27435,1,1
27436,2,2
27437,1,1
27438,1,1
27439,1,1
27440,1,1
27441,1,1
27442,1,1
27443,1,1
27444,3,2
27445,1,1
27446,2,2
27447,1,1
27448,7,5
27449,1,1
27450,2,1
27451,1,1
27452,1,1
27453,1,1
27454,1,1
27455,1,1
27456,4,4
27457,1,1
27458,1,1
27459,2,2
27460,1,1
27461,1,1
27462,19,9
27463,1,1
27464,1,1
27465,1,1
27466,1,1
27467,1,1
27468,1,1
27469,1,1
27470,1,1
27471,2,1
27472,1,1
27473,1,1
27474,1,1
27475,2,1
27476,1,1
27477,1,1
27478,1,1
27479,1,1
27480,2,2
27481,1,1
27482,1,1
27483,8,6
27484,1,1
27485,1,1
27486,1,1
27487,1,1
27488,2,2
27489,1,1
27490,1,1
27491,1,1
27492,1,1
27493,2,2
27494,1,1
27495,1,1
27496,1,1
27497,2,2
27498,1,1
27499,1,1
27500,3,2
27501,1,1
27502,1,1
27503,5,3
27504,1,1
27505,1,1
27506,1,1
27507,1,1
27508,1,1
27509,1,1
27510,2,1
27511,2,2
27512,6,4
27513,1,1
27514,1,1
27515,1,1
27516,254,61
27517,1,1
27518,13,8
27519,1,1
27520,114,29
27521,8,5
27522,1,1
27523,1,1
27524,1,1
27525,6,4
27526,1,1
27527,1,1
27528,2,2
27529,6,4
27530,3,3
27531,26,8
27532,8,4
27533,6,3
27534,8,7
27535,2,2
27536,2,1
27537,114,37
27538,1,1
27539,1,1
27540,1,1
27541,1,1
27542,1,1
27543,1,1
27544,2,2
27545,18,8
27546,1,1
27547,1,1
27548,1,1
27549,1,1
27550,1,1
27551,1,1
27552,1,1
27553,1,1
27554,1,1
27555,2,1
27556,1,1
27557,1,1
27558,3,3
27559,14,7
27560,1,1
27561,1,1
27562,3,2
27563,1,1
27564,10,10
27565,22,13
27566,1,1
27567,1,1
27568,301,99
27569,18,9
27570,6,4
27571,6,5
27572,1,1
27573,1,1
27574,1,1
27575,3,2
27576,1,1
27577,1,1
27578,1,1
27579,1,1
27580,1,1
27581,1,1
27582,1,1
27583,1,1
27584,1,1
27585,1,1
27586,4,3
27587,1,1
27588,1,1
27589,1,1
27590,2,1
27591,8,4
27592,146,79
27593,1,1
27594,1,1
27595,1,1
27596,1,1
27597,1,1
27598,2,2
27599,2,2
27600,1,1
27601,39,31
27602,1,1
27603,4,4
27604,1,1
27605,319,106
27606,3,2
27607,1,1
27608,1,1
27609,1,1
27610,2,2
27611,1,1
27612,1,1
27613,1,1
27614,1,1
27615,1,1
27616,1,1
27617,3,3
27618,1,1
27619,6,5
27620,1,1
27621,1,1
27622,1,1
27623,1,1
27624,1,1
27625,1,1
27626,1,1
27627,1,1
27628,1,1
27629,1,1
27630,1,1
27631,2,2
27632,1,1
27633,1,1
27634,4,3
27635,1,1
27636,1,1
27637,3,2
27638,1,1
27639,2,2
27640,1,1
27641,1,1
27642,1,1
27643,1,1
27644,1,1
27645,8,8
27646,1,1
27647,4,3
27648,6,5
27649,1,1
27650,1,1
27651,1,1
27652,1,1
27653,2,2
27654,1,1
27655,2,2
27656,1,1
27657,1,1
27658,3,2
27659,1,1
27660,4,3
27661,1,1
27662,2,2
27663,1,1
27664,1,1
27665,1,1
27666,1,1
27667,1,1
27668,1,1
27669,1,1
27670,1,1
27671,1,1
27672,1,1
27673,1,1
27674,1,1
27675,1,1
27676,1,1
27677,1,1
27678,5,4
27679,1,1
27680,1,1
27681,1,1
27682,1,1
27683,1,1
27684,1,1
27685,1,1
27686,6,6
27687,1,1
27688,1,1
27689,3,3
27690,3,3
27691,2,1
27692,4,2
27693,1,1
27694,1,1
27695,1,1
27696,1,1
27697,1,1
27698,1,1
27699,9,7
27700,1,1
27701,1,1
27702,7,7
27703,1,1
27704,1,1
27705,5,3
27706,2,2
27707,1,1
27708,1,1
27709,1,1
27710,2,2
27711,3,3
27712,2,2
27713,1,1
27714,1,1
27715,1,1
27716,1,1
27717,1,1
27718,5,3
27719,1,1
27720,1,1
27721,1,1
27722,4,3
27723,181,38
27724,1,1
27725,1,1
27726,3,2
27727,18,12
27728,1,1
27729,1,1
27730,2,1
27731,1,1
27732,3,3
27733,2,2
27734,2,2
27735,3,3
27736,2,2
27737,1,1
27738,7,4
27739,2,1
27740,1,1
27741,786,110
27742,3,3
27743,2,2
27744,2,2
27745,10,5
27746,32,10
27747,1,1
27748,1,1
27749,3,2
27750,2,2
27751,1,1
27752,1,1
27753,1,1
27754,1,1
27755,1,1
27756,2,1
27757,1,1
27758,1,1
27759,1,1
27760,1,1
27761,2,2
27762,2,2
27763,2,2
27764,2,2
27765,2,2
27766,9,7
27767,4,4
27768,2,2
27769,2,2
27770,4,2
27771,6,4
27772,4,2
27773,17,14
27774,1,1
27775,24,14
27776,2,2
27777,2,2
27778,36,18
27779,6,5
27780,2,2
27781,4,4
27782,4,2
27783,2,2
27784,11,8
27785,186,78
27786,1,1
27787,1,1
27788,21,13
27789,9,9
27790,1,1
27791,2,2
27792,1,1
27793,1,1
27794,1,1
27795,1,1
27796,1,1
27797,1,1
27798,1,1
27799,1,1
27800,1,1
27801,1,1
27802,7,5
27803,5,5
27804,2,2
27805,2,2
27806,1,1
27807,3,2
27808,2,2
27809,9,7
27810,1,1
27811,1,1
27812,1,1
27813,1,1
27814,1,1
27815,1,1
27816,5,4
27817,1,1
27818,1,1
27819,1,1
27820,2,2
27821,1,1
27822,1,1
27823,1,1
27824,1,1
27825,1,1
27826,1,1
27827,1,1
27828,4,3
27829,1,1
27830,2,2
27831,1,1
27832,1,1
27833,2,2
27834,4,4
27835,1,1
27836,1,1
27837,1,1
27838,1,1
27839,2,2
27840,1,1
27841,407,123
27842,1,1
27843,1,1
27844,1,1
27845,1,1
27846,3,2
27847,1,1
27848,1,1
27849,2,2
27850,3,2
27851,4,2
27852,1,1
27853,1,1
27854,1,1
27855,1,1
27856,2,2
27857,1,1
27858,5,4
27859,1,1
27860,1,1
27861,1,1
27862,1,1
27863,1,1
27864,1,1
27865,1,1
27866,1,1
27867,4,3
27868,3,2
27869,1,1
27870,5,5
27871,1,1
27872,1,1
27873,1,1
27874,4,3
27875,2,2
27876,2,1
27877,1,1
27878,1,1
27879,2,2
27880,1,1
27881,2,2
27882,1,1
27883,19,15
27884,2,2
27885,1,1
27886,2,1
27887,3,3
27888,17,9
27889,2,2
27890,1,1
27891,1,1
27892,1,1
27893,1,1
27894,2,2
27895,873,118
27896,1,1
27897,1,1
27898,1,1
27899,1,1
27900,1,1
27901,1,1
27902,20,8
27903,1,1
27904,3,3
27905,2,2
27906,3,3
27907,4,3
27908,14,7
27909,5,4
27910,236,70
27911,2,2
27912,1,1
27913,1,1
27914,1,1
27915,2,2
27916,1,1
27917,1,1
27918,1,1
27919,1,1
27920,1,1
27921,1,1
27922,2,2
27923,1,1
27924,7,7
27925,1,1
27926,2,2
27927,1,1
27928,28,10
27929,1,1
27930,7,7
27931,1,1
27932,1,1
27933,1,1
27934,1,1
27935,1,1
27936,1,1
27937,2,2
27938,4,3
27939,1,1
27940,1,1
27941,1,1
27942,2,1
27943,1,1
27944,1,1
27945,2,1
27946,1,1
27947,1,1
27948,1,1
27949,1,1
27950,1,1
27951,3,2
27952,9,5
27953,1,1
27954,1,1
27955,2,2
27956,3,3
27957,1,1
27958,3,2
27959,1,1
27960,1,1
27961,1,1
27962,3,3
27963,2,2
27964,1,1
27965,1,1
27966,3,2
27967,3,1
27968,1,1
27969,1,1
27970,2,2
27971,1,1
27972,2,2
27973,1,1
27974,2,2
27975,1,1
27976,1,1
27977,2,1
27978,4,4
27979,3,3
27980,1,1
27981,1,1
27982,1,1
27983,1,1
27984,1,1
27985,3,2
27986,1,1
27987,2,2
27988,1,1
27989,2,2
27990,1,1
27991,2,2
27992,3,2
27993,1,1
27994,1,1
27995,1,1
27996,2,1
27997,2,2
27998,1,1
27999,1,1
28000,1,1
28001,1,1
28002,1,1
28003,2,1
28004,4,2
28005,1,1
28006,1,1
28007,5,4
28008,1,1
28009,1,1
28010,9,6
28011,1,1
28012,4,3
28013,23,10
28014,1,1
28015,1,1
28016,1,1
28017,1,1
28018,1,1
28019,1,1
28020,1,1
28021,1,1
28022,1,1
28023,1,1
28024,1,1
28025,1,1
28026,1,1
28027,1,1
28028,1,1
28029,1,1
28030,1,1
28031,1,1
28032,1,1
28033,2,2
28034,14,10
28035,3,2
28036,3,3
28037,1,1
28038,1,1
28039,1,1
28040,2,2
28041,1,1
28042,1,1
28043,109,42
28044,1,1
28045,1,1
28046,1,1
28047,1,1
28048,1,1
28049,1,1
28050,1,1
28051,15,11
28052,1,1
28053,13,5
28054,1,1
28055,1,1
28056,1,1
28057,1,1
28058,1,1
28059,1,1
28060,1,1
28061,1,1
28062,2,2
28063,1,1
28064,1,1
28065,2,1
28066,1,1
28067,1,1
28068,1,1
28069,1,1
28070,2,2
28071,5,3
28072,4,4
28073,1,1
28074,2,2
28075,1,1
28076,1,1
28077,4,4
28078,1,1
28079,2,1
28080,1,1
28081,48,26
28082,1,1
28083,1,1
28084,1,1
28085,1,1
28086,2,2
28087,1,1
28088,1,1
28089,8,5
28090,4,4
28091,1,1
28092,1,1
28093,14,14
28094,1,1
28095,1,1
28096,16,8
28097,1,1
28098,2,2
28099,45,18
28100,1,1
28101,2,2
28102,1,1
28103,1,1
28104,11,4
28105,52,19
28106,1,1
28107,1,1
28108,1,1
28109,14,8
28110,1,1
28111,1,1
28112,1,1
28113,2,2
28114,1,1
28115,40,14
28116,1,1
28117,2,2
28118,1,1
28119,7,6
28120,2,1
28121,4,2
28122,1,1
28123,3,2
28124,1,1
28125,1,1
28126,2,2
28127,1,1
28128,1,1
28129,1,1
28130,2,2
28131,1,1
28132,1,1
28133,6,6
28134,6,6
28135,2,2
28136,1,1
28137,1,1
28138,2,1
28139,48,22
28140,1,1
28141,2,2
28142,5,3
28143,3,3
28144,1,1
28145,6,6
28146,78,37
28147,47,29
28148,3,3
28149,2,2
28150,1,1
28151,8,5
28152,6,4
28153,2,2
28154,1,1
28155,1,1
28156,1,1
28157,1,1
28158,3,2
28159,6,6
28160,1,1
28161,15,8
28162,3,3
28163,1,1
28164,1,1
28165,1,1
28166,1,1
28167,6,6
28168,1,1
28169,1,1
28170,129,24
28171,1,1
28172,10,4
28173,1,1
28174,464,116
28175,6,4
28176,3,3
28177,1,1
28178,13,7
28179,244,82
28180,4,4
28181,1,1
28182,1,1
28183,1,1
28184,1,1
28185,1,1
28186,2,2
28187,1,1
28188,1,1
28189,1,1
28190,1,1
28191,1,1
28192,1,1
28193,2,1
28194,2,2
28195,7,4
28196,1,1
28197,3,2
28198,1,1
28199,1,1
28200,1,1
28201,1,1
28202,2,1
28203,1,1
28204,1,1
28205,3,2
28206,1,1
28207,1,1
28208,1,1
28209,1,1
28210,6,3
28211,1,1
28212,2,2
28213,1,1
28214,1,1
28215,1,1
28216,1,1
28217,1,1
28218,7,6
28219,1,1
28220,2,1
28221,1,1
28222,3,3
28223,4,3
28224,4,4
28225,1,1
28226,5,3
28227,1,1
28228,1,1
28229,1,1
28230,1,1
28231,4,4
28232,2,2
28233,1,1
28234,1,1
28235,5,5
28236,5,5
28237,3,2
28238,1,1
28239,1,1
28240,1,1
28241,1,1
28242,3,3
28243,1,1
28244,4,3
28245,4,3
28246,4,3
28247,7,4
28248,1,1
28249,1,1
28250,1,1
28251,1,1
28252,4,3
28253,3,1
28254,8,6
28255,3,3
28256,1,1
28257,1,1
28258,4,3
28259,1,1
28260,1,1
28261,1,1
28262,5,4
28263,1,1
28264,2,2
28265,1,1
28266,7,4
28267,2,2
28268,1,1
28269,1,1
28270,1,1
28271,1,1
28272,3,1
28273,2,2
28274,3,2
28275,3,3
28276,1,1
28277,1,1
28278,9,7
28279,6,4
28280,1,1
28281,2,2
28282,2,1
28283,103,22
28284,1,1
28285,11,8
28286,3,2
28287,7,3
28288,2,2
28289,1,1
28290,4,4
28291,126,49
28292,1,1
28293,1,1
28294,1,1
28295,1,1
28296,2,2
28297,1,1
28298,1,1
28299,1,1
28300,3,2
28301,2,1
28302,1,1
28303,1,1
28304,3,2
28305,1,1
28306,1,1
28307,1,1
28308,88,49
28309,1,1
28310,1,1
28311,1,1
28312,5,3
28313,1,1
28314,1,1
28315,1,1
28316,1,1
28317,1,1
28318,1,1
28319,2,2
28320,3,2
28321,1,1
28322,11,11
28323,1,1
28324,1,1
28325,2,2
28326,1,1
28327,1,1
28328,1,1
28329,2,2
28330,2,2
28331,1,1
28332,2,2
28333,1,1
28334,1,1
28335,2,2
28336,1,1
28337,1,1
28338,1,1
28339,1,1
28340,3,2
28341,5,4
28342,3,2
28343,2,2
28344,2,2
28345,1,1
28346,1,1
28347,1,1
28348,2,2
28349,3,3
28350,1,1
28351,1,1
28352,4,3
28353,1,1
28354,25,18
28355,16,15
28356,4,2
28357,3,2
28358,6,5
28359,1,1
28360,2,1
28361,1,1
28362,1,1
28363,5,4
28364,2,2
28365,3,3
28366,1,1
28367,3,2
28368,1,1
28369,2,2
28370,4,2
28371,1,1
28372,2,2
28373,2,2
28374,11,5
28375,1,1
28376,1,1
28377,6,4
28378,4,4
28379,1,1
28380,11,10
28381,1,1
28382,1,1
28383,1,1
28384,2,2
28385,1,1
28386,1,1
28387,2,2
28388,1,1
28389,6,5
28390,1,1
28391,1,1
28392,3,1
28393,2,2
28394,1,1
28395,1,1
28396,2,2
28397,1,1
28398,1,1
28399,1,1
28400,1,1
28401,3,2
28402,1,1
28403,2,2
28404,509,101
28405,1,1
28406,2,2
28407,1,1
28408,2,2
28409,1,1
28410,1,1
28411,1,1
28412,1,1
28413,1,1
28414,2,2
28415,4,4
28416,1,1
28417,1,1
28418,1,1
28419,2,1
28420,3,3
28421,1,1
28422,1,1
28423,1,1
28424,1,1
28425,1,1
28426,1,1
28427,2,2
28428,1,1
28429,7,4
28430,1,1
28431,1,1
28432,1,1
28433,2,2
28434,1,1
28435,55,29
28436,1,1
28437,1,1
28438,5,2
28439,5,4
28440,1,1
28441,1,1
28442,6,5
28443,2,1
28444,29,11
28445,7,6
28446,1,1
28447,1,1
28448,4,3
28449,1,1
28450,1,1
28451,2,1
28452,1,1
28453,3,2
28454,3,3
28455,29,26
28456,1,1
28457,1,1
28458,1,1
28459,1,1
28460,1,1
28461,1,1
28462,2,2
28463,1,1
28464,1,1
28465,1,1
28466,1,1
28467,2,2
28468,1,1
28469,1,1
28470,1,1
28471,1,1
28472,1,1
28473,3,2
28474,1,1
28475,1,1
28476,1,1
28477,1,1
28478,1,1
28479,1,1
28480,2,1
28481,1,1
28482,2,1
28483,2,2
28484,3,2
28485,33,22
28486,2,1
28487,1,1
28488,1,1
28489,1,1
28490,7,6
28491,1,1
28492,1,1
28493,3,2
28494,5,2
28495,1,1
28496,1,1
28497,1,1
28498,3,2
28499,2,2
28500,1,1
28501,4,3
28502,1,1
28503,2,2
28504,4,2
28505,1,1
28506,1,1
28507,2,2
28508,1,1
28509,3,3
28510,1,1
28511,1,1
28512,4,3
28513,1,1
28514,1,1
28515,1,1
28516,1,1
28517,2,2
28518,3,2
28519,1,1
28520,1,1
28521,2,2
28522,2,2
28523,1,1
28524,1,1
28525,1,1
28526,2,2
28527,1,1
28528,2,1
28529,1,1
28530,1,1
28531,1,1
28532,1,1
28533,1,1
28534,3,2
28535,2,2
28536,1,1
28537,1,1
28538,2,2
28539,1,1
28540,1,1
28541,1,1
28542,1,1
28543,1,1
28544,1,1
28545,1,1
28546,1,1
28547,1,1
28548,1,1
28549,2,2
28550,6,4
28551,3,3
28552,2,2
28553,1,1
28554,4,4
28555,1,1
28556,37,20
28557,3,2
28558,4,3
28559,4,3
28560,1,1
28561,1,1
28562,1,1
28563,1,1
28564,1,1
28565,1,1
28566,1,1
28567,1,1
28568,2,1
28569,1,1
28570,1,1
28571,4,3
28572,1,1
28573,1,1
28574,1,1
28575,1,1
28576,1,1
28577,1,1
28578,6,5
28579,1,1
28580,1,1
28581,8,5
28582,1,1
28583,1,1
28584,1,1
28585,1,1
28586,2,1
28587,1,1
28588,5,3
28589,2,2
28590,1,1
28591,1,1
28592,1,1
28593,1,1
28594,2,2
28595,3,2
28596,4,4
28597,2,2
28598,4,3
28599,1,1
28600,1,1
28601,1,1
28602,2,2
28603,1,1
28604,4,3
28605,1,1
28606,2,2
28607,75,39
28608,13,9
28609,1,1
28610,1,1
28611,1,1
28612,1,1
28613,1,1
28614,1,1
28615,1,1
28616,1,1
28617,1,1
28618,1,1
28619,2,2
28620,1,1
28621,1,1
28622,3,3
28623,6,5
28624,1,1
28625,2,2
28626,1,1
28627,1,1
28628,1,1
28629,1,1
28630,2,2
28631,2,2
28632,3,3
28633,1,1
28634,2,2
28635,1,1
28636,1,1
28637,2,1
28638,5,4
28639,1,1
28640,1,1
28641,10,5
28642,7,3
28643,1,1
28644,2,2
28645,1,1
28646,1,1
28647,1,1
28648,1,1
28649,1,1
28650,2,2
28651,1,1
28652,2,2
28653,7,7
28654,1,1
28655,1,1
28656,1,1
28657,2,2
28658,1,1
28659,1,1
28660,1,1
28661,2,2
28662,1,1
28663,2,2
28664,1,1
28665,1,1
28666,1,1
28667,1,1
28668,1,1
28669,6,5
28670,18,9
28671,1,1
28672,1,1
28673,1,1
28674,1,1
28675,1,1
28676,2,2
28677,1,1
28678,1,1
28679,1,1
28680,1,1
28681,1,1
28682,1,1
28683,3,2
28684,1,1
28685,1,1
28686,1,1
28687,9,5
28688,2,2
28689,1,1
28690,1,1
28691,6,4
28692,11,4
28693,61,24
28694,1,1
28695,1,1
28696,1,1
28697,1,1
28698,1,1
28699,1,1
28700,1,1
28701,2,2
28702,385,84
28703,2,2
28704,1,1
28705,1,1
28706,2,2
28707,28,23
28708,1,1
28709,10,9
28710,3,3
28711,1,1
28712,1,1
28713,4,2
28714,6,5
28715,1,1
28716,1,1
28717,1,1
28718,1,1
28719,1,1
28720,1,1
28721,2,2
28722,1,1
28723,8,5
28724,2,1
28725,3,2
28726,4,3
28727,1,1
28728,2,2
28729,1,1
28730,8,3
28731,2,2
28732,1,1
28733,2,2
28734,7,4
28735,1,1
28736,1,1
28737,6,5
28738,1,1
28739,1,1
28740,1,1
28741,1,1
28742,2,1
28743,1,1
28744,2,2
28745,1,1
28746,1,1
28747,2,2
28748,1,1
28749,3,3
28750,17,9
28751,1,1
28752,9,5
28753,6,5
28754,2,2
28755,1,1
28756,1,1
28757,1,1
28758,3,3
28759,10,5
28760,51,32
28761,2,2
28762,1,1
28763,1,1
28764,1,1
28765,3,3
28766,1,1
28767,2,2
28768,4,4
28769,2,2
28770,1,1
28771,1,1
28772,2,2
28773,1,1
28774,3,3
28775,1,1
28776,1,1
28777,1,1
28778,1,1
28779,1,1
28780,1,1
28781,1,1
28782,1,1
28783,1,1
28784,2,1
28785,3,3
28786,122,36
28787,3,3
28788,27,14
28789,2,2
28790,1,1
28791,1,1
28792,3,3
28793,2,2
28794,15,13
28795,5,2
28796,1,1
28797,1,1
28798,1,1
28799,1,1
28800,1,1
28801,4,3
28802,1,1
28803,2,2
28804,1,1
28805,1,1
28806,1,1
28807,1,1
28808,1,1
28809,1,1
28810,1,1
28811,1,1
28812,1,1
28813,1,1
28814,1,1
28815,3,3
28816,1,1
28817,1,1
28818,1,1
28819,8,7
28820,2,2
28821,1,1
28822,2,1
28823,2,2
28824,1,1
28825,1,1
28826,9,5
28827,3,3
28828,1,1
28829,1,1
28830,1,1
28831,1,1
28832,1,1
28833,2,2
28834,2,2
28835,1,1
28836,1,1
28837,1,1
28838,1,1
28839,8,5
28840,1,1
28841,1,1
28842,1,1
28843,1,1
28844,2,2
28845,1,1
28846,2,2
28847,1,1
28848,2,2
28849,1,1
28850,1,1
28851,1,1
28852,1,1
28853,1,1
28854,1,1
28855,1,1
28856,1,1
28857,1,1
28858,2,2
28859,1,1
28860,1,1
28861,1,1
28862,1,1
28863,1,1
28864,1,1
28865,2,2
28866,1,1
28867,4,3
28868,1,1
28869,1,1
28870,5,4
28871,7,5
28872,1,1
28873,4,3
28874,1,1
28875,1,1
28876,1,1
28877,1,1
28878,3,3
28879,1,1
28880,3,3
28881,1,1
28882,2,2
28883,1,1
28884,1,1
28885,2,2
28886,1,1
28887,1,1
28888,1,1
28889,1,1
28890,5,2
28891,1,1
28892,1,1
28893,1,1
28894,2,2
28895,1,1
28896,1,1
28897,3,3
28898,2,2
28899,4,4
28900,40,19
28901,1,1
28902,1,1
28903,1,1
28904,1,1
28905,2,2
28906,1,1
28907,6,5
28908,6,4
28909,1,1
28910,2,2
28911,1,1
28912,1,1
28913,3,3
28914,1,1
28915,1,1
28916,1,1
28917,2,1
28918,2,1
28919,2,2
28920,1,1
28921,1,1
28922,1,1
28923,12,7
28924,3,2
28925,1,1
28926,1,1
28927,2,2
28928,1,1
28929,2,2
28930,1,1
28931,2,2
28932,1,1
28933,3,3
28934,1,1
28935,1,1
28936,99,43
28937,5,4
28938,1,1
28939,1,1
28940,1,1
28941,17,12
28942,4,3
28943,2,2
28944,1,1
28945,2,2
28946,1,1
28947,1,1
28948,2,2
28949,1,1
28950,2,2
28951,1,1
28952,2,1
28953,2,2
28954,7,5
28955,1,1
28956,2,1
28957,1,1
28958,3,3
28959,2,1
28960,4,3
28961,1,1
28962,2,2
28963,2,2
28964,4,3
28965,5,3
28966,7,5
28967,5,3
28968,2,2
28969,1,1
28970,1,1
28971,1,1
28972,1,1
28973,1,1
28974,1,1
28975,1,1
28976,1,1
28977,4,3
28978,2,2
28979,7,5
28980,1,1
28981,1,1
28982,1,1
28983,1,1
28984,1,1
28985,2,2
28986,2,2
28987,1,1
28988,1,1
28989,91,28
28990,1,1
28991,2,2
28992,4,4
28993,1,1
28994,1,1
28995,1,1
28996,27,23
28997,3,2
28998,2,1
28999,2,2
29000,2,2
29001,1,1
29002,1,1
29003,1,1
29004,1,1
29005,1,1
29006,1,1
29007,1,1
29008,1,1
29009,1,1
29010,1,1
29011,2,2
29012,2,2
29013,3,1
29014,1,1
29015,1,1
29016,1,1
29017,1,1
29018,1,1
29019,1,1
29020,1,1
29021,2,2
29022,2,2
29023,5,4
29024,4,2
29025,1,1
29026,1,1
29027,1,1
29028,1,1
29029,5,4
29030,1,1
29031,1,1
29032,3,2
29033,1,1
29034,1,1
29035,1,1
29036,1,1
29037,1,1
29038,1,1
29039,1,1
29040,2,2
29041,1,1
29042,4,3
29043,1,1
29044,1,1
29045,1,1
29046,1,1
29047,6,3
29048,2,2
29049,1,1
29050,1,1
29051,2,2
29052,1,1
29053,3,2
29054,1,1
29055,1,1
29056,1,1
29057,1,1
29058,1,1
29059,1,1
29060,1,1
29061,1,1
29062,1,1
29063,2,2
29064,1,1
29065,1,1
29066,1,1
29067,1,1
29068,1,1
29069,1,1
29070,1,1
29071,1,1
29072,3,2
29073,1,1
29074,1,1
29075,1,1
29076,1,1
29077,6,5
29078,1,1
29079,1,1
29080,1,1
29081,1,1
29082,2,1
29083,3,3
29084,18,18
29085,3,3
29086,1,1
29087,1,1
29088,1,1
29089,2,2
29090,1,1
29091,1,1
29092,1,1
29093,1,1
29094,1,1
29095,2,2
29096,1,1
29097,1,1
29098,1,1
29099,1,1
29100,1,1
29101,1,1
29102,5,5
29103,1,1
29104,1,1
29105,1,1
29106,3,2
29107,3,1
29108,1,1
29109,2,2
29110,1,1
29111,2,1
29112,1,1
29113,1,1
29114,195,47
29115,5,5
29116,1,1
29117,1,1
29118,1,1
29119,2,2
29120,4,2
29121,1,1
29122,3,3
29123,2,2
29124,4,4
29125,1,1
29126,1,1
29127,1,1
29128,2,2
29129,1,1
29130,3,2
29131,1,1
29132,1,1
29133,3,2
29134,2,1
29135,1,1
29136,3,3
29137,4,2
29138,1,1
29139,1,1
29140,4,3
29141,1,1
29142,2,1
29143,2,1
29144,1,1
29145,1,1
29146,1,1
29147,1,1
29148,1,1
29149,2,1
29150,2,2
29151,1,1
29152,1,1
29153,1,1
29154,1,1
29155,2,2
29156,4,3
29157,3,3
29158,1,1
29159,1,1
29160,1,1
29161,4,3
29162,2,2
29163,5,3
29164,1,1
29165,1,1
29166,2,1
29167,1,1
29168,13,8
29169,1,1
29170,1,1
29171,4,4
29172,1,1
29173,2,2
29174,1,1
29175,1,1
29176,1,1
29177,2,2
29178,5,5
29179,1,1
29180,4,2
29181,1,1
29182,1,1
29183,1,1
29184,1,1
29185,1,1
29186,3,3
29187,1,1
29188,1,1
29189,1,1
29190,1,1
29191,2,2
29192,1,1
29193,2,2
29194,1,1
29195,3,2
29196,1,1
29197,6,6
29198,1,1
29199,1,1
29200,1,1
29201,1,1
29202,1,1
29203,3,3
29204,1,1
29205,2,2
29206,2,2
29207,2,1
29208,3,2
29209,2,1
29210,5,4
29211,1,1
29212,1,1
29213,1,1
29214,1,1
29215,2,1
29216,6,4
29217,1,1
29218,1,1
29219,1,1
29220,3,2
29221,1,1
29222,1,1
29223,1,1
29224,1,1
29225,1,1
29226,36,22
29227,1,1
29228,1,1
29229,4,3
29230,2,2
29231,1,1
29232,1,1
29233,1,1
29234,2,2
29235,1,1
29236,1,1
29237,1,1
29238,1,1
29239,1,1
29240,1,1
29241,4,2
29242,1,1
29243,1,1
29244,1,1
29245,1,1
29246,1,1
29247,2,2
29248,1,1
29249,1,1
29250,1,1
29251,1,1
29252,1,1
29253,1,1
29254,1,1
29255,3,3
29256,1,1
29257,1,1
29258,3,3
29259,3,2
29260,3,2
29261,1,1
29262,1,1
29263,3,3
29264,5,4
29265,1,1
29266,2,2
29267,1,1
29268,1,1
29269,2,2
29270,2,1
29271,2,1
29272,2,2
29273,1,1
29274,1,1
29275,1,1
29276,2,1
29277,1,1
29278,1,1
29279,1,1
29280,2,1
29281,5,4
29282,4,4
29283,1,1
29284,2,1
29285,1,1
29286,2,1
29287,1,1
29288,1,1
29289,3,2
29290,1,1
29291,3,2
29292,1,1
29293,1,1
29294,1,1
29295,3,2
29296,1,1
29297,1,1
29298,1,1
29299,1,1
29300,1,1
29301,1,1
29302,2,1
29303,3,2
29304,3,1
29305,1,1
29306,1,1
29307,3,2
29308,1,1
29309,1,1
29310,1,1
29311,1,1
29312,1,1
29313,1,1
29314,2,1
29315,1,1
29316,1,1
29317,1,1
29318,1,1
29319,1,1
29320,21,14
29321,2,2
29322,10,7
29323,2,2
29324,8,5
29325,4,3
29326,1,1
29327,1,1
29328,1,1
29329,1,1
29330,10,8
29331,1,1
29332,1,1
29333,6,5
29334,1,1
29335,13,12
29336,1,1
29337,27,16
29338,5,5
29339,1,1
29340,2,2
29341,1,1
29342,4,3
29343,15,10
29344,1,1
29345,1,1
29346,1,1
29347,1,1
29348,1,1
29349,6,5
29350,2,2
29351,1,1
29352,7,7
29353,1,1
29354,3,2
29355,1,1
29356,69,29
29357,1,1
29358,1,1
29359,24,13
29360,4,3
29361,2,2
29362,1,1
29363,1,1
29364,1,1
29365,1,1
29366,2,2
29367,3,3
29368,1,1
29369,1,1
29370,7,5
29371,1,1
29372,1,1
29373,3,2
29374,1,1
29375,1,1
29376,1,1
29377,1,1
29378,1,1
29379,1,1
29380,1,1
29381,1,1
29382,1,1
29383,1,1
29384,8,6
29385,2,1
29386,5,2
29387,1,1
29388,2,2
29389,1,1
29390,3,2
29391,4,3
29392,1,1
29393,1,1
29394,3,1
29395,1,1
29396,3,3
29397,1,1
29398,2,1
29399,3,1
29400,1,1
29401,1,1
29402,1,1
29403,1,1
29404,1,1
29405,1,1
29406,1,1
29407,1,1
29408,9,6
29409,1,1
29410,7,4
29411,2,2
29412,1,1
29413,1,1
29414,1,1
29415,2,2
29416,1,1
29417,1,1
29418,7,4
29419,40,36
29420,4,3
29421,4,3
29422,2,2
29423,1,1
29424,4,2
29425,1,1
29426,3,3
29427,1,1
29428,3,2
29429,1,1
29430,1,1
29431,2,2
29432,1,1
29433,2,2
29434,1,1
29435,9,8
29436,1,1
29437,34,19
29438,1,1
29439,1,1
29440,4,3
29441,1,1
29442,1,1
29443,1,1
29444,1,1
29445,1,1
29446,1,1
29447,2,1
29448,3,3
29449,1,1
29450,4,3
29451,1,1
29452,4,2
29453,1,1
29454,9,6
29455,1,1
29456,1,1
29457,1,1
29458,1,1
29459,1,1
29460,2,1
29461,1,1
29462,1,1
29463,1,1
29464,17,12
29465,1,1
29466,1,1
29467,1,1
29468,2,2
29469,1,1
29470,6,3
29471,1,1
29472,1,1
29473,1,1
29474,3,2
29475,1,1
29476,1,1
29477,2,1
29478,1,1
29479,1,1
29480,1,1
29481,1,1
29482,1,1
29483,1,1
29484,7,5
29485,11,8
29486,1,1
29487,1,1
29488,1,1
29489,5,5
29490,3,2
29491,1,1
29492,1,1
29493,1,1
29494,2,2
29495,2,2
29496,1,1
29497,1,1
29498,2,2
29499,1,1
29500,1,1
29501,1,1
29502,2,2
29503,1,1
29504,7,6
29505,1,1
29506,1,1
29507,3,2
29508,1,1
29509,4,3
29510,1,1
29511,1,1
29512,1,1
29513,12,7
29514,1,1
29515,8,5
29516,1,1
29517,1,1
29518,1,1
29519,1,1
29520,1,1
29521,6,5
29522,1,1
29523,4,2
29524,1,1
29525,1,1
29526,24,17
29527,1,1
29528,6,6
29529,1,1
29530,1,1
29531,2,2
29532,1,1
29533,1,1
29534,2,2
29535,1,1
29536,1,1
29537,1,1
29538,1,1
29539,4,4
29540,18,14
29541,1,1
29542,2,1
29543,1,1
29544,3,2
29545,2,2
29546,15,6
29547,2,2
29548,2,1
29549,3,2
29550,1,1
29551,2,1
29552,2,1
29553,2,1
29554,1,1
29555,3,2
29556,2,2
29557,1,1
29558,1,1
29559,1,1
29560,1,1
29561,1,1
29562,2,1
29563,1,1
29564,1,1
29565,2,2
29566,1,1
29567,1,1
29568,1,1
29569,1,1
29570,2,2
29571,3,2
29572,1,1
29573,1,1
29574,1,1
29575,3,2
29576,8,7
29577,1,1
29578,1,1
29579,1,1
29580,1,1
29581,1,1
29582,1,1
29583,1,1
29584,3,2
29585,23,18
29586,4,4
29587,2,2
29588,2,1
29589,1,1
29590,4,3
29591,1,1
29592,1,1
29593,1,1
29594,1,1
29595,10,5
29596,1,1
29597,1,1
29598,1,1
29599,1,1
29600,1,1
29601,1,1
29602,2,2
29603,4,3
29604,1,1
29605,2,1
29606,1,1
29607,1,1
29608,1,1
29609,1,1
29610,2,2
29611,2,2
29612,7,5
29613,15,10
29614,1,1
29615,1,1
29616,1,1
29617,1,1
29618,7,6
29619,3,3
29620,1,1
29621,1,1
29622,2,2
29623,1,1
29624,1,1
29625,1,1
29626,1,1
29627,5,5
29628,1,1
29629,1,1
29630,1,1
29631,1,1
29632,2,1
29633,1,1
29634,1,1
29635,1,1
29636,1,1
29637,1,1
29638,1,1
29639,4,3
29640,1,1
29641,1,1
29642,1,1
29643,1,1
29644,2,2
29645,1,1
29646,1,1
29647,1,1
29648,1,1
29649,1,1
29650,1,1
29651,7,3
29652,1,1
29653,3,3
29654,1,1
29655,1,1
29656,2,1
29657,1,1
29658,1,1
29659,1,1
29660,1,1
29661,5,2
29662,1,1
29663,5,4
29664,1,1
29665,22,16
29666,2,2
29667,22,14
29668,3,2
29669,7,6
29670,1,1
29671,1,1
29672,8,6
29673,1,1
29674,11,8
29675,1,1
29676,1,1
29677,2,1
29678,3,2
29679,1,1
29680,2,2
29681,1,1
29682,1,1
29683,1,1
29684,1,1
29685,1,1
29686,1,1
29687,1,1
29688,1,1
29689,1,1
29690,5,4
29691,1,1
29692,4,3
29693,1,1
29694,1,1
29695,1,1
29696,2,2
29697,1,1
29698,3,2
29699,1,1
29700,1,1
29701,1,1
29702,1,1
29703,3,2
29704,18,16
29705,1,1
29706,3,1
29707,1,1
29708,3,2
29709,1,1
29710,2,2
29711,2,2
29712,1,1
29713,1,1
29714,3,2
29715,4,2
29716,1,1
29717,1,1
29718,1,1
29719,1,1
29720,1,1
29721,1,1
29722,1,1
29723,3,2
29724,11,11
29725,2,2
29726,1,1
29727,1,1
29728,2,2
29729,1,1
29730,1,1
29731,1,1
29732,1,1
29733,1,1
29734,2,2
29735,1,1
29736,4,3
29737,3,3
29738,2,2
29739,2,1
29740,11,6
29741,1,1
29742,50,16
29743,1,1
29744,2,1
29745,2,1
29746,1,1
29747,49,29
29748,2,2
29749,2,1
29750,1,1
29751,1,1
29752,1,1
29753,1,1
29754,9,6
29755,3,3
29756,3,3
29757,14,9
29758,1,1
29759,1,1
29760,1,1
29761,1,1
29762,2,2
29763,1,1
29764,1,1
29765,6,6
29766,113,33
29767,1,1
29768,1,1
29769,1,1
29770,1,1
29771,1,1
29772,1,1
29773,1,1
29774,1,1
29775,2,2
29776,1,1
29777,1,1
29778,1,1
29779,5,4
29780,1,1
29781,1,1
29782,1,1
29783,1,1
29784,1,1
29785,1,1
29786,2,1
29787,17,16
29788,1,1
29789,1,1
29790,10,10
29791,1,1
29792,3,2
29793,1,1
29794,1,1
29795,1,1
29796,6,4
29797,1,1
29798,7,3
29799,2,1
29800,2,1
29801,1,1
29802,6,3
29803,1,1
29804,1,1
29805,1,1
29806,2,1
29807,1,1
29808,5,4
29809,1,1
29810,1,1
29811,1,1
29812,3,1
29813,1,1
29814,2,2
29815,1,1
29816,1,1
29817,1,1
29818,3,2
29819,1,1
29820,17,8
29821,1,1
29822,7,4
29823,1,1
29824,1,1
29825,1,1
29826,4,3
29827,1,1
29828,8,5
29829,1,1
29830,1,1
29831,1,1
29832,1,1
29833,1,1
29834,1,1
29835,1,1
29836,1,1
29837,1,1
29838,1,1
29839,2,1
29840,1,1
29841,1,1
29842,2,2
29843,1,1
29844,1,1
29845,1,1
29846,1,1
29847,1,1
29848,4,3
29849,1,1
29850,3,3
29851,4,2
29852,20,12
29853,2,2
29854,2,2
29855,1,1
29856,1,1
29857,5,2
29858,1,1
29859,1,1
29860,2,1
29861,6,5
29862,1,1
29863,4,3
29864,1,1
29865,1,1
29866,2,2
29867,1,1
29868,1,1
29869,5,3
29870,1,1
29871,2,2
29872,1,1
29873,1,1
29874,1,1
29875,2,1
29876,1,1
29877,3,3
29878,2,2
29879,1,1
29880,1,1
29881,1,1
29882,4,3
29883,1,1
29884,2,2
29885,1,1
29886,2,1
29887,1,1
29888,9,6
29889,1,1
29890,3,2
29891,1,1
29892,22,10
29893,1,1
29894,1,1
29895,1,1
29896,1,1
29897,1,1
29898,3,3
29899,1,1
29900,5,3
29901,1,1
29902,3,3
29903,1,1
29904,1,1
29905,2,2
29906,23,14
29907,1,1
29908,1,1
29909,1,1
29910,1,1
29911,1,1
29912,1,1
29913,1,1
29914,1,1
29915,1,1
29916,1,1
29917,1,1
29918,5,3
29919,6,4
29920,2,2
29921,3,2
29922,1,1
29923,6,3
29924,1,1
29925,1,1
29926,1,1
29927,3,1
29928,1,1
29929,1,1
29930,1,1
29931,1,1
29932,1,1
29933,3,3
29934,1,1
29935,3,3
29936,7,4
29937,1,1
29938,1,1
29939,4,3
29940,4,3
29941,1,1
29942,6,5
29943,1,1
29944,1,1
29945,1,1
29946,2,2
29947,1,1
29948,1,1
29949,1,1
29950,1,1
29951,1,1
29952,2,2
29953,2,2
29954,3,3
29955,11,10
29956,2,1
29957,5,3
29958,30,20
29959,1,1
29960,2,1
29961,1,1
29962,4,4
29963,2,2
29964,14,6
29965,1,1
29966,2,2
29967,1,1
29968,9,8
29969,7,5
29970,2,2
29971,1,1
29972,2,2
29973,1,1
29974,1,1
29975,1,1
29976,1,1
29977,8,5
29978,11,6
29979,1,1
29980,1,1
29981,1,1
29982,1,1
29983,3,2
29984,6,2
29985,2,2
29986,1,1
29987,2,1
29988,1,1
29989,3,3
29990,2,2
29991,2,2
29992,2,2
29993,26,13
29994,3,3
29995,2,2
29996,3,2
29997,2,2
29998,2,2
29999,2,2
30000,2,2
30001,2,2
30002,13,13
30003,22,13
30004,2,2
30005,6,4
30006,2,2
30007,1,1
30008,2,2
30009,2,2
30010,1,1
30011,1,1
30012,2,2
30013,4,3
30014,2,2
30015,6,6
30016,2,1
30017,6,3
30018,3,3
30019,1,1
30020,1,1
30021,1,1
30022,1,1
30023,1,1
30024,2,1
30025,1,1
30026,16,8
30027,45,37
30028,1,1
30029,1,1
30030,2,2
30031,2,2
30032,2,2
30033,1,1
30034,2,2
30035,1,1
30036,2,2
30037,1,1
30038,1,1
30039,1,1
30040,2,2
30041,1,1
30042,2,1
30043,1,1
30044,1,1
30045,1,1
30046,2,2
30047,2,2
30048,2,2
30049,1,1
30050,1,1
30051,3,2
30052,2,2
30053,1,1
30054,1,1
30055,3,2
30056,1,1
30057,1,1
30058,1,1
30059,5,5
30060,1,1
30061,2,2
30062,3,3
30063,1,1
30064,1,1
30065,2,2
30066,2,2
30067,1,1
30068,2,2
30069,1,1
30070,1,1
30071,2,2
30072,2,2
30073,2,2
30074,2,2
30075,2,2
30076,10,3
30077,3,3
30078,1,1
30079,1,1
30080,3,2
30081,1,1
30082,1,1
30083,21,16
30084,1,1
30085,1,1
30086,1,1
30087,1,1
30088,2,2
30089,1,1
30090,1,1
30091,1,1
30092,1,1
30093,1,1
30094,1,1
30095,1,1
30096,3,2
30097,2,2
30098,1,1
30099,1,1
30100,1,1
30101,1,1
30102,2,2
30103,1,1
30104,1,1
30105,1,1
30106,2,1
30107,1,1
30108,1,1
30109,1,1
30110,2,2
30111,2,2
30112,1,1
30113,1,1
30114,1,1
30115,9,7
30116,1,1
30117,1,1
30118,1,1
30119,1,1
30120,4,4
30121,4,4
30122,3,2
30123,3,3
30124,1,1
30125,2,2
30126,1,1
30127,1,1
30128,5,4
30129,1,1
30130,3,2
30131,1,1
30132,3,3
30133,1,1
30134,1,1
30135,1,1
30136,1,1
30137,4,2
30138,1,1
30139,1,1
30140,1,1
30141,1,1
30142,10,8
30143,4,3
30144,1,1
30145,2,2
30146,1,1
30147,1,1
30148,5,5
30149,2,2
30150,1,1
30151,1,1
30152,1,1
30153,18,11
30154,1,1
30155,1,1
30156,1,1
30157,1,1
30158,1,1
30159,2,2
30160,1,1
30161,1,1
30162,2,2
30163,1,1
30164,1,1
30165,1,1
30166,1,1
30167,11,7
30168,2,2
30169,1,1
30170,3,3
30171,21,13
30172,2,2
30173,1,1
30174,1,1
30175,1,1
30176,1,1
30177,1,1
30178,2,2
30179,1,1
30180,2,2
30181,1,1
30182,1,1
30183,1,1
30184,1,1
30185,5,4
30186,1,1
30187,1,1
30188,1,1
30189,1,1
30190,1,1
30191,1,1
30192,1,1
30193,1,1
30194,1,1
30195,1,1
30196,4,1
30197,1,1
30198,1,1
30199,1,1
30200,1,1
30201,3,3
30202,1,1
30203,1,1
30204,1,1
30205,32,25
30206,2,2
30207,1,1
30208,1,1
30209,1,1
30210,1,1
30211,4,2
30212,8,4
30213,1,1
30214,2,2
30215,1,1
30216,1,1
30217,2,1
30218,5,3
30219,1,1
30220,1,1
30221,1,1
30222,1,1
30223,1,1
30224,2,1
30225,1,1
30226,1,1
30227,2,2
30228,1,1
30229,1,1
30230,5,3
30231,7,7
30232,1,1
30233,1,1
30234,1,1
30235,1,1
30236,1,1
30237,1,1
30238,1,1
30239,1,1
30240,1,1
30241,3,3
30242,3,2
30243,1,1
30244,4,3
30245,1,1
30246,1,1
30247,1,1
30248,1,1
30249,1,1
30250,3,2
30251,1,1
30252,1,1
30253,7,7
30254,1,1
30255,5,5
30256,2,2
30257,1,1
30258,2,2
30259,7,3
30260,1,1
30261,6,4
30262,3,2
30263,1,1
30264,1,1
30265,1,1
30266,4,3
30267,2,1
30268,1,1
30269,1,1
30270,1,1
30271,1,1
30272,5,2
30273,1,1
30274,2,2
30275,1,1
30276,1,1
30277,8,6
30278,1,1
30279,1,1
30280,1,1
30281,1,1
30282,2,2
30283,1,1
30284,1,1
30285,1,1
30286,1,1
30287,3,2
30288,1,1
30289,1,1
30290,2,2
30291,5,2
30292,8,5
30293,1,1
30294,1,1
30295,2,2
30296,2,2
30297,6,4
30298,18,12
30299,1,1
30300,1,1
30301,2,2
30302,1,1
30303,2,2
30304,1,1
30305,1,1
30306,5,3
30307,1,1
30308,1,1
30309,1,1
30310,1,1
30311,1,1
30312,3,3
30313,1,1
30314,1,1
30315,1,1
30316,4,3
30317,6,6
30318,1,1
30319,1,1
30320,1,1
30321,1,1
30322,1,1
30323,10,5
30324,5,5
30325,1,1
30326,16,6
30327,1,1
30328,3,2
30329,5,5
30330,1,1
30331,1,1
30332,11,6
30333,6,4
30334,1,1
30335,3,2
30336,4,3
30337,1,1
30338,1,1
30339,3,2
30340,1,1
30341,1,1
30342,1,1
30343,1,1
30344,2,2
30345,1,1
30346,2,1
30347,2,1
30348,1,1
30349,1,1
30350,14,9
30351,8,6
30352,56,18
30353,1,1
30354,39,13
30355,24,10
30356,13,11
30357,2,2
30358,2,1
30359,5,3
30360,1,1
30361,11,6
30362,1,1
30363,1,1
30364,4,4
30365,1,1
30366,5,5
30367,1,1
30368,12,11
30369,18,11
30370,15,14
30371,1,1
30372,2,2
30373,11,11
30374,2,2
30375,2,2
30376,1,1
30377,1,1
30378,1,1
30379,1,1
30380,1,1
30381,1,1
30382,1,1
30383,1,1
30384,4,3
30385,3,2
30386,20,20
30387,12,8
30388,6,3
30389,7,7
30390,2,2
30391,1,1
30392,11,9
30393,1,1
30394,1,1
30395,1,1
30396,1,1
30397,2,1
30398,4,4
30399,1,1
30400,1,1
30401,1,1
30402,1,1
30403,24,16
30404,1,1
30405,2,2
30406,3,3
30407,6,6
30408,1,1
30409,2,2
30410,15,7
30411,2,2
30412,3,2
30413,1,1
30414,5,3
30415,1,1
30416,2,2
30417,1,1
30418,10,6
30419,2,1
30420,1,1
30421,2,1
30422,1,1
30423,1,1
30424,1,1
30425,1,1
30426,1,1
30427,3,2
30428,2,2
30429,2,2
30430,1,1
30431,1,1
30432,5,2
30433,1,1
30434,3,2
30435,1,1
30436,6,4
30437,1,1
30438,1,1
30439,1,1
30440,1,1
30441,1,1
30442,2,2
30443,3,2
30444,1,1
30445,5,4
30446,13,7
30447,3,3
30448,2,2
30449,2,1
30450,1,1
30451,3,3
30452,1,1
30453,2,1
30454,5,3
30455,22,10
30456,7,7
30457,2,2
30458,1,1
30459,1,1
30460,2,2
30461,1,1
30462,3,2
30463,1,1
30464,1,1
30465,1,1
30466,1,1
30467,1,1
30468,1,1
30469,2,2
30470,1,1
30471,1,1
30472,1,1
30473,1,1
30474,4,3
30475,1,1
30476,1,1
30477,1,1
30478,1,1
30479,1,1
30480,1,1
30481,2,2
30482,2,2
30483,1,1
30484,1,1
30485,6,6
30486,1,1
30487,1,1
30488,1,1
30489,1,1
30490,13,9
30491,1,1
30492,1,1
30493,1,1
30494,1,1
30495,1,1
30496,1,1
30497,1,1
30498,1,1
30499,1,1
30500,1,1
30501,8,7
30502,2,2
30503,2,1
30504,2,2
30505,1,1
30506,8,6
30507,1,1
30508,10,7
30509,1,1
30510,1,1
30511,2,2
30512,2,2
30513,18,6
30514,3,2
30515,4,3
30516,1,1
30517,1,1
30518,7,5
30519,2,2
30520,1,1
30521,1,1
30522,2,2
30523,1,1
30524,2,2
30525,1,1
30526,2,1
30527,1,1
30528,11,11
30529,3,3
30530,1,1
30531,1,1
30532,1,1
30533,3,3
30534,1,1
30535,1,1
30536,1,1
30537,1,1
30538,2,1
30539,1,1
30540,2,2
30541,5,3
30542,2,2
30543,1,1
30544,1,1
30545,2,2
30546,1,1
30547,1,1
30548,1,1
30549,1,1
30550,2,2
30551,1,1
30552,1,1
30553,1,1
30554,1,1
30555,2,2
30556,1,1
30557,1,1
30558,1,1
30559,2,1
30560,5,2
30561,1,1
30562,1,1
30563,1,1
30564,1,1
30565,1,1
30566,3,2
30567,1,1
30568,1,1
30569,2,2
30570,1,1
30571,7,6
30572,2,1
30573,1,1
30574,1,1
30575,1,1
30576,1,1
30577,1,1
30578,1,1
30579,7,5
30580,1,1
30581,17,8
30582,1,1
30583,2,2
30584,1,1
30585,1,1
30586,1,1
30587,5,5
30588,1,1
30589,7,5
30590,2,2
30591,1,1
30592,1,1
30593,1,1
30594,2,2
30595,2,2
30596,1,1
30597,2,1
30598,2,1
30599,3,3
30600,1,1
30601,1,1
30602,2,1
30603,1,1
30604,1,1
30605,2,2
30606,1,1
30607,6,3
30608,1,1
30609,2,2
30610,1,1
30611,1,1
30612,1,1
30613,1,1
30614,1,1
30615,1,1
30616,5,3
30617,1,1
30618,1,1
30619,2,1
30620,1,1
30621,2,2
30622,1,1
30623,1,1
30624,1,1
30625,2,1
30626,1,1
30627,1,1
30628,1,1
30629,2,2
30630,1,1
30631,1,1
30632,2,2
30633,1,1
30634,1,1
30635,1,1
30636,1,1
30637,1,1
30638,2,2
30639,1,1
30640,1,1
30641,1,1
30642,1,1
30643,6,3
30644,2,2
30645,1,1
30646,2,2
30647,1,1
30648,1,1
30649,1,1
30650,2,2
30651,1,1
30652,1,1
30653,1,1
30654,1,1
30655,2,1
30656,3,2
30657,1,1
30658,3,2
30659,5,4
30660,1,1
30661,1,1
30662,1,1
30663,1,1
30664,1,1
30665,1,1
30666,1,1
30667,1,1
30668,2,1
30669,1,1
30670,1,1
30671,1,1
30672,1,1
30673,1,1
30674,2,2
30675,5,4
30676,3,2
30677,1,1
30678,1,1
30679,1,1
30680,8,5
30681,1,1
30682,2,2
30683,1,1
30684,2,1
30685,9,7
30686,1,1
30687,1,1
30688,4,4
30689,3,2
30690,2,2
30691,1,1
30692,1,1
30693,1,1
30694,1,1
30695,1,1
30696,1,1
30697,1,1
30698,1,1
30699,1,1
30700,6,4
30701,1,1
30702,2,2
30703,1,1
30704,2,2
30705,1,1
30706,2,2
30707,1,1
30708,4,2
30709,1,1
30710,10,6
30711,1,1
30712,1,1
30713,1,1
30714,1,1
30715,1,1
30716,1,1
30717,3,3
30718,2,2
30719,2,2
30720,2,2
30721,1,1
30722,1,1
30723,1,1
30724,1,1
30725,2,2
30726,1,1
30727,1,1
30728,16,7
30729,1,1
30730,1,1
30731,1,1
30732,2,2
30733,4,2
30734,1,1
30735,6,6
30736,1,1
30737,1,1
30738,1,1
30739,2,1
30740,1,1
30741,1,1
30742,18,18
30743,10,10
30744,9,9
30745,1,1
30746,2,2
30747,3,3
30748,3,2
30749,2,1
30750,3,3
30751,1,1
30752,1,1
30753,1,1
30754,3,1
30755,1,1
30756,1,1
30757,1,1
30758,1,1
30759,14,8
30760,1,1
30761,2,1
30762,3,3
30763,1,1
30764,1,1
30765,1,1
30766,1,1
30767,37,14
30768,1,1
30769,1,1
30770,5,3
30771,1,1
30772,1,1
30773,1,1
30774,9,4
30775,14,10
30776,4,4
30777,1,1
30778,8,8
30779,2,2
30780,1,1
30781,2,1
30782,5,3
30783,5,3
30784,1,1
30785,2,1
30786,1,1
30787,2,1
30788,1,1
30789,10,6
30790,6,4
30791,1,1
30792,1,1
30793,1,1
30794,5,3
30795,6,4
30796,7,4
30797,1,1
30798,6,3
30799,1,1
30800,1,1
30801,3,3
30802,15,14
30803,1,1
30804,1,1
30805,1,1
30806,32,18
30807,1,1
30808,1,1
30809,2,2
30810,5,4
30811,1,1
30812,1,1
30813,1,1
30814,1,1
30815,1,1
30816,1,1
30817,1,1
30818,17,11
30819,3,3
30820,1,1
30821,1,1
30822,4,4
30823,1,1
30824,4,3
30825,2,2
30826,1,1
30827,3,3
30828,1,1
30829,1,1
30830,2,2
30831,2,1
30832,2,1
30833,1,1
30834,1,1
30835,3,3
30836,1,1
30837,1,1
30838,3,3
30839,1,1
30840,8,8
30841,1,1
30842,1,1
30843,1,1
30844,1,1
30845,3,2
30846,2,1
30847,2,1
30848,1,1
30849,2,2
30850,1,1
30851,2,1
30852,1,1
30853,2,2
30854,1,1
30855,1,1
30856,2,2
30857,1,1
30858,22,6
30859,1,1
30860,2,2
30861,1,1
30862,16,9
30863,1,1
30864,1,1
30865,1,1
30866,1,1
30867,1,1
30868,1,1
30869,1,1
30870,1,1
30871,1,1
30872,1,1
30873,1,1
30874,1,1
30875,1,1
30876,1,1
30877,1,1
30878,5,3
30879,1,1
30880,1,1
30881,1,1
30882,1,1
30883,2,1
30884,1,1
30885,1,1
30886,1,1
30887,1,1
30888,4,4
30889,1,1
30890,1,1
30891,1,1
30892,1,1
30893,1,1
30894,1,1
30895,1,1
30896,1,1
30897,1,1
30898,1,1
30899,1,1
30900,1,1
30901,2,1
30902,5,4
30903,2,2
30904,1,1
30905,1,1
30906,1,1
30907,3,3
30908,8,3
30909,1,1
30910,1,1
30911,1,1
30912,1,1
30913,1,1
30914,1,1
30915,2,2
30916,1,1
30917,6,4
30918,2,1
30919,3,2
30920,1,1
30921,23,12
30922,1,1
30923,4,4
30924,1,1
30925,1,1
30926,4,3
30927,1,1
30928,2,2
30929,13,13
30930,1,1
30931,7,7
30932,4,4
30933,9,8
30934,2,2
30935,2,2
30936,15,10
30937,2,2
30938,1,1
30939,1,1
30940,4,3
30941,1,1
30942,2,2
30943,1,1
30944,1,1
30945,1,1
30946,2,2
30947,3,3
30948,1,1
30949,1,1
30950,1,1
30951,3,3
30952,7,5
30953,2,2
30954,2,2
30955,59,19
30956,1,1
30957,27,17
30958,2,2
30959,2,2
30960,1,1
30961,1,1
30962,3,2
30963,1,1
30964,2,2
30965,1,1
30966,2,2
30967,1,1
30968,5,4
30969,2,2
30970,1,1
30971,2,2
30972,2,2
30973,2,2
30974,3,2
30975,2,2
30976,2,2
30977,4,2
30978,2,2
30979,9,8
30980,7,6
30981,1,1
30982,4,2
30983,2,2
30984,1,1
30985,4,3
30986,4,3
30987,1,1
30988,5,5
30989,2,2
30990,2,2
30991,2,2
30992,2,2
30993,2,2
30994,1,1
30995,1,1
30996,1,1
30997,1,1
30998,1,1
30999,1,1
31000,1,1
31001,1,1
31002,2,2
31003,4,4
31004,2,2
31005,39,34
31006,1,1
31007,1,1
31008,1,1
31009,1,1
31010,2,2
31011,1,1
31012,2,2
31013,1,1
31014,1,1
31015,2,1
31016,3,2
31017,1,1
31018,1,1
31019,2,2
31020,2,2
31021,12,5
31022,1,1
31023,1,1
31024,2,2
31025,1,1
31026,4,3
31027,1,1
31028,29,18
31029,2,2
31030,1,1
31031,1,1
31032,4,2
31033,1,1
31034,2,2
31035,1,1
31036,1,1
31037,2,1
31038,2,2
31039,1,1
31040,1,1
31041,1,1
31042,8,6
31043,2,1
31044,4,4
31045,1,1
31046,1,1
31047,1,1
31048,1,1
31049,1,1
31050,14,9
31051,2,2
31052,2,2
31053,1,1
31054,2,2
31055,3,2
31056,2,2
31057,4,4
31058,2,2
31059,1,1
31060,2,2
31061,3,3
31062,73,46
31063,1,1
31064,1,1
31065,2,2
31066,1,1
31067,2,2
31068,3,2
31069,7,3
31070,2,2
31071,1,1
31072,1,1
31073,1,1
31074,1,1
31075,1,1
31076,2,2
31077,1,1
31078,1,1
31079,2,2
31080,3,2
31081,1,1
31082,4,4
31083,2,2
31084,2,2
31085,2,2
31086,5,3
31087,2,2
31088,2,2
31089,1,1
31090,1,1
31091,1,1
31092,1,1
31093,1,1
31094,2,2
31095,1,1
31096,2,2
31097,4,4
31098,2,2
31099,2,2
31100,15,8
31101,5,5
31102,1,1
31103,1,1
31104,11,8
31105,2,2
31106,9,5
31107,5,5
31108,2,2
31109,1,1
31110,1,1
31111,5,4
31112,1,1
31113,1,1
31114,9,8
31115,2,2
31116,2,2
31117,2,2
31118,1,1
31119,1,1
31120,1,1
31121,1,1
31122,1,1
31123,2,2
31124,1,1
31125,1,1
31126,5,4
31127,1,1
31128,2,2
31129,8,8
31130,1,1
31131,13,9
31132,1,1
31133,4,3
31134,1,1
31135,1,1
31136,3,1
31137,1,1
31138,1,1
31139,1,1
31140,1,1
31141,1,1
31142,1,1
31143,1,1
31144,2,2
31145,1,1
31146,1,1
31147,1,1
31148,3,2
31149,4,4
31150,2,1
31151,3,3
31152,1,1
31153,1,1
31154,2,2
31155,2,2
31156,3,2
31157,1,1
31158,4,3
31159,2,2
31160,1,1
31161,1,1
31162,1,1
31163,1,1
31164,2,2
31165,1,1
31166,1,1
31167,1,1
31168,1,1
31169,13,10
31170,3,2
31171,1,1
31172,2,2
31173,1,1
31174,1,1
31175,3,2
31176,5,5
31177,1,1
31178,2,2
31179,2,1
31180,1,1
31181,6,5
31182,1,1
31183,1,1
31184,4,3
31185,2,2
31186,3,2
31187,4,2
31188,4,3
31189,1,1
31190,1,1
31191,2,2
31192,1,1
31193,1,1
31194,1,1
31195,2,2
31196,8,7
31197,1,1
31198,1,1
31199,1,1
31200,1,1
31201,2,2
31202,1,1
31203,1,1
31204,1,1
31205,1,1
31206,1,1
31207,1,1
31208,1,1
31209,1,1
31210,15,9
31211,2,2
31212,1,1
31213,1,1
31214,1,1
31215,1,1
31216,1,1
31217,2,2
31218,1,1
31219,1,1
31220,1,1
31221,1,1
31222,1,1
31223,1,1
31224,1,1
31225,1,1
31226,2,2
31227,1,1
31228,1,1
31229,1,1
31230,1,1
31231,1,1
31232,1,1
31233,1,1
31234,3,3
31235,1,1
31236,4,2
31237,1,1
31238,1,1
31239,2,2
31240,1,1
31241,2,1
31242,2,1
31243,6,6
31244,1,1
31245,1,1
31246,1,1
31247,3,3
31248,5,4
31249,6,6
31250,5,4
31251,11,7
31252,6,6
31253,2,1
31254,4,3
31255,2,2
31256,1,1
31257,4,2
31258,2,2
31259,2,2
31260,1,1
31261,2,2
31262,1,1
31263,7,4
31264,165,94
31265,2,1
31266,2,2
31267,1,1
31268,1,1
31269,1,1
31270,1,1
31271,1,1
31272,1,1
31273,1,1
31274,2,1
31275,1,1
31276,1,1
31277,4,3
31278,1,1
31279,1,1
31280,2,1
31281,2,1
31282,1,1
31283,21,13
31284,1,1
31285,1,1
31286,2,2
31287,1,1
31288,5,3
31289,7,4
31290,2,2
31291,1,1
31292,15,8
31293,3,2
31294,1,1
31295,1,1
31296,6,4
31297,3,3
31298,1,1
31299,1,1
31300,4,3
31301,1,1
31302,2,1
31303,1,1
31304,3,1
31305,1,1
31306,5,5
31307,1,1
31308,1,1
31309,1,1
31310,1,1
31311,1,1
31312,2,1
31313,1,1
31314,5,3
31315,4,3
31316,1,1
31317,1,1
31318,2,2
31319,1,1
31320,2,2
31321,1,1
31322,1,1
31323,3,2
31324,1,1
31325,13,7
31326,1,1
31327,19,7
31328,2,1
31329,1,1
31330,1,1
31331,4,3
31332,1,1
31333,3,3
31334,1,1
31335,1,1
31336,2,2
31337,2,2
31338,2,2
31339,7,3
31340,2,2
31341,1,1
31342,1,1
31343,1,1
31344,3,1
31345,6,4
31346,1,1
31347,14,7
31348,1,1
31349,1,1
31350,1,1
31351,1,1
31352,2,2
31353,1,1
31354,14,6
31355,1,1
31356,1,1
31357,2,1
31358,2,1
31359,4,3
31360,3,2
31361,1,1
31362,1,1
31363,1,1
31364,1,1
31365,1,1
31366,1,1
31367,1,1
31368,1,1
31369,10,7
31370,1,1
31371,1,1
31372,1,1
31373,2,2
31374,1,1
31375,1,1
31376,4,3
31377,3,3
31378,9,9
31379,1,1
31380,1,1
31381,1,1
31382,1,1
31383,4,4
31384,1,1
31385,1,1
31386,1,1
31387,1,1
31388,9,9
31389,3,2
31390,5,4
31391,1,1
31392,1,1
31393,1,1
31394,1,1
31395,1,1
31396,1,1
31397,1,1
31398,1,1
31399,2,1
31400,3,2
31401,2,2
31402,3,2
31403,1,1
31404,1,1
31405,1,1
31406,7,5
31407,1,1
31408,1,1
31409,1,1
31410,2,1
31411,1,1
31412,11,8
31413,1,1
31414,20,7
31415,6,4
31416,1,1
31417,1,1
31418,3,3
31419,6,4
31420,1,1
31421,1,1
31422,1,1
31423,1,1
31424,1,1
31425,1,1
31426,1,1
31427,4,4
31428,1,1
31429,3,2
31430,1,1
31431,2,1
31432,2,2
31433,1,1
31434,3,3
31435,2,2
31436,1,1
31437,1,1
31438,5,4
31439,2,2
31440,1,1
31441,1,1
31442,1,1
31443,1,1
31444,1,1
31445,1,1
31446,1,1
31447,4,2
31448,13,6
31449,1,1
31450,4,2
31451,4,2
31452,1,1
31453,6,3
31454,1,1
31455,1,1
31456,1,1
31457,2,2
31458,10,6
31459,1,1
31460,1,1
31461,1,1
31462,1,1
31463,12,7
31464,1,1
31465,1,1
31466,2,1
31467,1,1
31468,1,1
31469,1,1
31470,3,3
31471,1,1
31472,1,1
31473,1,1
31474,1,1
31475,1,1
31476,1,1
31477,1,1
31478,2,1
31479,8,5
31480,1,1
31481,1,1
31482,1,1
31483,1,1
31484,1,1
31485,1,1
31486,17,10
31487,8,6
31488,1,1
31489,1,1
31490,1,1
31491,1,1
31492,1,1
31493,1,1
31494,3,2
31495,8,8
31496,2,2
31497,1,1
31498,1,1
31499,2,1
31500,1,1
31501,1,1
31502,1,1
31503,1,1
31504,1,1
31505,2,2
31506,1,1
31507,1,1
31508,1,1
31509,1,1
31510,27,17
31511,2,1
31512,1,1
31513,1,1
31514,5,4
31515,1,1
31516,2,2
31517,7,6
31518,5,3
31519,1,1
31520,1,1
31521,1,1
31522,1,1
31523,1,1
31524,5,4
31525,6,5
31526,1,1
31527,3,2
31528,1,1
31529,1,1
31530,3,3
31531,1,1
31532,1,1
31533,1,1
31534,1,1
31535,1,1
31536,1,1
31537,1,1
31538,1,1
31539,1,1
31540,7,6
31541,1,1
31542,9,5
31543,1,1
31544,1,1
31545,2,2
31546,1,1
31547,3,2
31548,1,1
31549,1,1
31550,1,1
31551,1,1
31552,2,2
31553,3,2
31554,1,1
31555,1,1
31556,1,1
31557,2,2
31558,1,1
31559,1,1
31560,2,2
31561,1,1
31562,1,1
31563,1,1
31564,1,1
31565,1,1
31566,1,1
31567,1,1
31568,2,2
31569,1,1
31570,2,2
31571,1,1
31572,2,2
31573,1,1
31574,1,1
31575,3,2
31576,2,1
31577,1,1
31578,2,2
31579,1,1
31580,1,1
31581,1,1
31582,1,1
31583,1,1
31584,1,1
31585,1,1
31586,1,1
31587,1,1
31588,2,2
31589,2,1
31590,7,3
31591,2,2
31592,1,1
31593,3,3
31594,2,2
31595,1,1
31596,1,1
31597,2,1
31598,5,3
31599,6,5
31600,3,2
31601,1,1
31602,1,1
31603,1,1
31604,1,1
31605,1,1
31606,1,1
31607,2,2
31608,4,4
31609,2,2
31610,1,1
31611,2,2
31612,2,2
31613,1,1
31614,1,1
31615,1,1
31616,1,1
31617,17,5
31618,1,1
31619,1,1
31620,1,1
31621,1,1
31622,3,3
31623,1,1
31624,1,1
31625,1,1
31626,2,1
31627,2,2
31628,1,1
31629,1,1
31630,1,1
31631,1,1
31632,1,1
31633,2,2
31634,3,3
31635,1,1
31636,2,2
31637,4,3
31638,1,1
31639,1,1
31640,1,1
31641,1,1
31642,3,2
31643,1,1
31644,1,1
31645,1,1
31646,1,1
31647,22,11
31648,1,1
31649,1,1
31650,1,1
31651,1,1
31652,3,3
31653,1,1
31654,1,1
31655,1,1
31656,1,1
31657,1,1
31658,2,2
31659,7,5
31660,1,1
31661,2,2
31662,1,1
31663,1,1
31664,1,1
31665,1,1
31666,1,1
31667,1,1
31668,3,3
31669,4,4
31670,2,2
31671,2,2
31672,37,19
31673,9,9
31674,2,2
31675,2,2
31676,1,1
31677,1,1
31678,1,1
31679,2,1
31680,3,3
31681,1,1
31682,1,1
31683,1,1
31684,2,2
31685,1,1
31686,4,4
31687,1,1
31688,1,1
31689,2,2
31690,3,2
31691,1,1
31692,1,1
31693,2,2
31694,1,1
31695,1,1
31696,1,1
31697,1,1
31698,1,1
31699,6,4
31700,1,1
31701,1,1
31702,1,1
31703,1,1
31704,2,1
31705,23,13
31706,4,2
31707,1,1
31708,6,5
31709,1,1
31710,3,2
31711,1,1
31712,1,1
31713,2,1
31714,1,1
31715,2,2
31716,2,2
31717,1,1
31718,1,1
31719,2,2
31720,2,2
31721,2,2
31722,1,1
31723,8,7
31724,12,9
31725,1,1
31726,4,4
31727,2,1
31728,1,1
31729,1,1
31730,2,2
31731,1,1
31732,1,1
31733,8,7
31734,1,1
31735,1,1
31736,2,2
31737,1,1
31738,2,2
31739,4,3
31740,1,1
31741,1,1
31742,5,3
31743,2,2
31744,1,1
31745,2,2
31746,1,1
31747,1,1
31748,21,13
31749,2,2
31750,3,3
31751,1,1
31752,1,1
31753,10,10
31754,1,1
31755,1,1
31756,1,1
31757,1,1
31758,1,1
31759,1,1
31760,1,1
31761,1,1
31762,2,2
31763,1,1
31764,1,1
31765,1,1
31766,1,1
31767,1,1
31768,2,2
31769,1,1
31770,1,1
31771,1,1
31772,1,1
31773,4,3
31774,1,1
31775,1,1
31776,97,42
31777,1,1
31778,1,1
31779,1,1
31780,1,1
31781,1,1
31782,1,1
31783,6,4
31784,28,21
31785,1,1
31786,2,2
31787,1,1
31788,1,1
31789,1,1
31790,1,1
31791,1,1
31792,2,2
31793,2,2
31794,1,1
31795,1,1
31796,1,1
31797,1,1
31798,1,1
31799,1,1
31800,1,1
31801,1,1
31802,1,1
31803,1,1
31804,9,6
31805,1,1
31806,1,1
31807,4,3
31808,4,3
31809,1,1
31810,1,1
31811,2,2
31812,6,4
31813,5,3
31814,1,1
31815,11,7
31816,1,1
31817,1,1
31818,1,1
31819,4,2
31820,1,1
31821,1,1
31822,1,1
31823,4,3
31824,22,19
31825,11,10
31826,1,1
31827,19,14
31828,1,1
31829,1,1
31830,1,1
31831,1,1
31832,3,2
31833,1,1
31834,2,2
31835,12,4
31836,1,1
31837,2,2
31838,1,1
31839,1,1
31840,1,1
31841,1,1
31842,1,1
31843,2,2
31844,1,1
31845,1,1
31846,2,2
31847,13,8
31848,1,1
31849,1,1
31850,1,1
31851,1,1
31852,1,1
31853,1,1
31854,6,3
31855,3,2
31856,2,1
31857,1,1
31858,1,1
31859,1,1
31860,2,2
31861,2,1
31862,1,1
31863,2,2
31864,2,2
31865,1,1
31866,3,3
31867,1,1
31868,2,2
31869,3,2
31870,1,1
31871,1,1
31872,2,2
31873,1,1
31874,1,1
31875,1,1
31876,1,1
31877,1,1
31878,2,1
31879,1,1
31880,3,2
31881,5,4
31882,3,3
31883,2,2
31884,1,1
31885,1,1
31886,1,1
31887,1,1
31888,1,1
31889,5,4
31890,5,3
31891,1,1
31892,3,3
31893,1,1
31894,4,2
31895,6,3
31896,1,1
31897,1,1
31898,1,1
31899,1,1
31900,1,1
31901,277,84
31902,1,1
31903,1,1
31904,9,6
31905,7,4
31906,2,2
31907,1,1
31908,1,1
31909,1,1
31910,1,1
31911,1,1
31912,1,1
31913,2,2
31914,2,1
31915,1,1
31916,1,1
31917,1,1
31918,1,1
31919,1,1
31920,4,3
31921,1,1
31922,4,3
31923,2,2
31924,1,1
31925,1,1
31926,2,2
31927,1,1
31928,2,1
31929,1,1
31930,1,1
31931,3,2
31932,1,1
31933,1,1
31934,1,1
31935,1,1
31936,1,1
31937,3,2
31938,3,2
31939,1,1
31940,1,1
31941,1,1
31942,1,1
31943,4,3
31944,1,1
31945,2,2
31946,1,1
31947,2,2
31948,1,1
31949,1,1
31950,4,4
31951,1,1
31952,1,1
31953,1,1
31954,5,3
31955,1,1
31956,3,2
31957,1,1
31958,10,4
31959,16,14
31960,1,1
31961,18,9
31962,1,1
31963,13,9
31964,3,2
31965,2,2
31966,3,3
31967,1,1
31968,1,1
31969,1,1
31970,1,1
31971,4,3
31972,1,1
31973,1,1
31974,2,2
31975,1,1
31976,2,1
31977,1,1
31978,1,1
31979,2,2
31980,3,3
31981,6,4
31982,1,1
31983,2,2
31984,2,2
31985,1,1
31986,1,1
31987,1,1
31988,4,2
31989,7,6
31990,1,1
31991,1,1
31992,1,1
31993,1,1
31994,1,1
31995,1,1
31996,2,1
31997,1,1
31998,1,1
31999,1,1
32000,1,1
32001,1,1
32002,1,1
32003,1,1
32004,1,1
32005,1,1
32006,1,1
32007,2,1
32008,1,1
32009,2,2
32010,3,3
32011,2,2
32012,1,1
32013,1,1
32014,4,2
32015,1,1
32016,1,1
32017,1,1
32018,3,2
32019,1,1
32020,2,1
32021,2,1
32022,5,5
32023,3,2
32024,11,6
32025,2,1
32026,2,1
32027,2,2
32028,2,2
32029,8,5
32030,1,1
32031,1,1
32032,5,3
32033,5,2
32034,1,1
32035,1,1
32036,1,1
32037,2,2
32038,2,1
32039,1,1
32040,2,2
32041,17,17
32042,3,3
32043,1,1
32044,1,1
32045,1,1
32046,1,1
32047,1,1
32048,1,1
32049,3,2
32050,1,1
32051,1,1
32052,31,28
32053,2,2
32054,1,1
32055,3,3
32056,4,4
32057,2,2
32058,1,1
32059,1,1
32060,1,1
32061,2,2
32062,1,1
32063,3,3
32064,2,2
32065,5,4
32066,1,1
32067,5,3
32068,1,1
32069,2,1
32070,1,1
32071,2,2
32072,3,2
32073,1,1
32074,3,2
32075,1,1
32076,1,1
32077,3,2
32078,8,5
32079,2,2
32080,1,1
32081,1,1
32082,1,1
32083,3,2
32084,2,2
32085,4,2
32086,1,1
32087,4,4
32088,2,2
32089,1,1
32090,2,2
32091,5,2
32092,6,4
32093,1,1
32094,2,1
32095,1,1
32096,5,3
32097,1,1
32098,15,14
32099,1,1
32100,1,1
32101,1,1
32102,1,1
32103,2,2
32104,1,1
32105,1,1
32106,2,2
32107,2,2
32108,1,1
32109,1,1
32110,1,1
32111,1,1
32112,1,1
32113,1,1
32114,53,27
32115,1,1
32116,8,4
32117,1,1
32118,1,1
32119,1,1
32120,3,3
32121,3,3
32122,1,1
32123,4,4
32124,2,2
32125,3,2
32126,1,1
32127,1,1
32128,1,1
32129,1,1
32130,1,1
32131,5,4
32132,4,2
32133,2,2
32134,3,3
32135,1,1
32136,1,1
32137,1,1
32138,10,7
32139,1,1
32140,1,1
32141,1,1
32142,1,1
32143,1,1
32144,1,1
32145,1,1
32146,1,1
32147,2,1
32148,3,2
32149,1,1
32150,3,2
32151,1,1
32152,1,1
32153,1,1
32154,1,1
32155,3,3
32156,1,1
32157,2,2
32158,1,1
32159,1,1
32160,1,1
32161,1,1
32162,1,1
32163,1,1
32164,2,2
32165,2,2
32166,1,1
32167,7,4
32168,1,1
32169,1,1
32170,1,1
32171,1,1
32172,1,1
32173,1,1
32174,1,1
32175,1,1
32176,1,1
32177,1,1
32178,1,1
32179,1,1
32180,1,1
32181,1,1
32182,2,1
32183,2,2
32184,2,2
32185,1,1
32186,1,1
32187,1,1
32188,1,1
32189,3,2
32190,1,1
32191,1,1
32192,2,2
32193,1,1
32194,1,1
32195,2,2
32196,1,1
32197,1,1
32198,1,1
32199,1,1
32200,1,1
32201,1,1
32202,2,1
32203,1,1
32204,3,2
32205,1,1
32206,1,1
32207,1,1
32208,1,1
32209,1,1
32210,3,2
32211,2,2
32212,4,3
32213,1,1
32214,1,1
32215,3,3
32216,1,1
32217,1,1
32218,1,1
32219,1,1
32220,2,2
32221,1,1
32222,1,1
32223,6,4
32224,1,1
32225,2,2
32226,6,3
32227,1,1
32228,1,1
32229,1,1
32230,1,1
32231,3,3
32232,2,2
32233,1,1
32234,1,1
32235,2,2
32236,1,1
32237,5,5
32238,1,1
32239,1,1
32240,1,1
32241,1,1
32242,1,1
32243,1,1
32244,4,3
32245,1,1
32246,2,2
32247,1,1
32248,1,1
32249,25,14
32250,4,3
32251,6,4
32252,1,1
32253,1,1
32254,5,3
32255,2,1
32256,1,1
32257,2,2
32258,1,1
32259,1,1
32260,2,2
32261,2,2
32262,1,1
32263,1,1
32264,47,17
32265,1,1
32266,1,1
32267,1,1
32268,1,1
32269,1,1
32270,1,1
32271,1,1
32272,1,1
32273,1,1
32274,1,1
32275,1,1
32276,3,2
32277,1,1
32278,1,1
32279,1,1
32280,1,1
32281,1,1
32282,1,1
32283,1,1
32284,2,2
32285,1,1
32286,1,1
32287,1,1
32288,1,1
32289,27,21
32290,1,1
32291,1,1
32292,1,1
32293,1,1
32294,1,1
32295,1,1
32296,2,2
32297,6,4
32298,1,1
32299,1,1
32300,3,2
32301,4,1
32302,3,3
32303,1,1
32304,1,1
32305,1,1
32306,1,1
32307,1,1
32308,3,2
32309,2,2
32310,1,1
32311,7,4
32312,3,3
32313,1,1
32314,1,1
32315,1,1
32316,4,4
32317,2,2
32318,6,4
32319,1,1
32320,1,1
32321,1,1
32322,1,1
32323,1,1
32324,5,4
32325,3,2
32326,1,1
32327,5,4
32328,7,4
32329,5,2
32330,1,1
32331,1,1
32332,1,1
32333,1,1
32334,1,1
32335,1,1
32336,1,1
32337,1,1
32338,1,1
32339,2,2
32340,1,1
32341,1,1
32342,1,1
32343,1,1
32344,2,2
32345,2,2
32346,3,3
32347,3,3
32348,2,2
32349,1,1
32350,1,1
32351,1,1
32352,1,1
32353,1,1
32354,1,1
32355,1,1
32356,1,1
32357,1,1
32358,1,1
32359,1,1
32360,1,1
32361,2,1
32362,4,2
32363,2,2
32364,1,1
32365,1,1
32366,1,1
32367,1,1
32368,2,1
32369,3,2
32370,1,1
32371,1,1
32372,3,2
32373,1,1
32374,1,1
32375,1,1
32376,1,1
32377,1,1
32378,3,2
32379,4,2
32380,4,4
32381,1,1
32382,1,1
32383,5,5
32384,1,1
32385,1,1
32386,1,1
32387,15,7
32388,1,1
32389,3,3
32390,1,1
32391,2,1
32392,1,1
32393,1,1
32394,4,3
32395,1,1
32396,1,1
32397,1,1
32398,1,1
32399,1,1
32400,3,2
32401,2,1
32402,1,1
32403,1,1
32404,4,3
32405,1,1
32406,1,1
32407,2,2
32408,1,1
32409,2,2
32410,3,2
32411,5,3
32412,8,4
32413,1,1
32414,1,1
32415,1,1
32416,2,2
32417,1,1
32418,1,1
32419,9,5
32420,1,1
32421,1,1
32422,1,1
32423,4,4
32424,1,1
32425,1,1
32426,2,1
32427,2,2
32428,7,3
32429,1,1
32430,1,1
32431,2,2
32432,1,1
32433,1,1
32434,1,1
32435,1,1
32436,1,1
32437,2,2
32438,1,1
32439,1,1
32440,1,1
32441,6,4
32442,1,1
32443,1,1
32444,1,1
32445,2,1
32446,1,1
32447,1,1
32448,2,1
32449,2,1
32450,1,1
32451,1,1
32452,2,1
32453,6,4
32454,1,1
32455,2,1
32456,1,1
32457,1,1
32458,1,1
32459,1,1
32460,1,1
32461,1,1
32462,2,1
32463,2,2
32464,4,3
32465,1,1
32466,1,1
32467,7,5
32468,1,1
32469,2,2
32470,1,1
32471,1,1
32472,4,4
32473,1,1
32474,1,1
32475,1,1
32476,1,1
32477,1,1
32478,1,1
32479,1,1
32480,1,1
32481,1,1
32482,1,1
32483,4,3
32484,1,1
32485,1,1
32486,1,1
32487,1,1
32488,3,3
32489,2,2
32490,23,10
32491,3,3
32492,1,1
32493,1,1
32494,4,3
32495,1,1
32496,3,2
32497,1,1
32498,1,1
32499,1,1
32500,1,1
32501,1,1
32502,3,3
32503,4,2
32504,2,2
32505,7,7
32506,1,1
32507,1,1
32508,1,1
32509,1,1
32510,1,1
32511,2,2
32512,1,1
32513,1,1
32514,1,1
32515,3,3
32516,2,2
32517,2,2
32518,3,3
32519,1,1
32520,1,1
32521,1,1
32522,1,1
32523,5,3
32524,3,3
32525,1,1
32526,87,37
32527,1,1
32528,1,1
32529,1,1
32530,1,1
32531,4,2
32532,1,1
32533,1,1
32534,1,1
32535,3,2
32536,2,2
32537,2,1
32538,1,1
32539,4,4
32540,1,1
32541,1,1
32542,1,1
32543,1,1
32544,2,1
32545,1,1
32546,5,3
32547,1,1
32548,2,2
32549,1,1
32550,3,2
32551,1,1
32552,2,1
32553,1,1
32554,2,2
32555,1,1
32556,1,1
32557,1,1
32558,1,1
32559,1,1
32560,1,1
32561,1,1
32562,1,1
32563,2,2
32564,1,1
32565,3,3
32566,1,1
32567,1,1
32568,5,3
32569,4,3
32570,1,1
32571,1,1
32572,3,3
32573,9,5
32574,1,1
32575,1,1
32576,1,1
32577,1,1
32578,5,4
32579,2,2
32580,1,1
32581,1,1
32582,1,1
32583,1,1
32584,2,2
32585,18,13
32586,2,1
32587,4,3
32588,3,3
32589,1,1
32590,1,1
32591,1,1
32592,1,1
32593,1,1
32594,1,1
32595,1,1
32596,3,2
32597,1,1
32598,1,1
32599,1,1
32600,1,1
32601,1,1
32602,1,1
32603,3,2
32604,1,1
32605,4,2
32606,4,3
32607,1,1
32608,1,1
32609,4,3
32610,1,1
32611,4,4
32612,1,1
32613,1,1
32614,2,1
32615,2,2
32616,1,1
32617,1,1
32618,3,2
32619,1,1
32620,1,1
32621,1,1
32622,1,1
32623,1,1
32624,1,1
32625,2,2
32626,1,1
32627,1,1
32628,1,1
32629,1,1
32630,3,2
32631,2,2
32632,1,1
32633,1,1
32634,1,1
32635,1,1
32636,3,2
32637,1,1
32638,1,1
32639,1,1
32640,8,4
32641,1,1
32642,1,1
32643,2,2
32644,1,1
32645,1,1
32646,1,1
32647,1,1
32648,2,1
32649,2,2
32650,1,1
32651,1,1
32652,1,1
32653,1,1
32654,2,1
32655,1,1
32656,1,1
32657,1,1
32658,1,1
32659,2,1
32660,1,1
32661,1,1
32662,1,1
32663,1,1
32664,1,1
32665,1,1
32666,1,1
32667,3,2
32668,1,1
32669,1,1
32670,1,1
32671,12,4
32672,2,1
32673,3,2
32674,1,1
32675,1,1
32676,1,1
32677,9,9
32678,2,2
32679,1,1
32680,1,1
32681,1,1
32682,7,5
32683,2,1
32684,4,2
32685,20,15
32686,2,2
32687,1,1
32688,18,14
32689,1,1
32690,1,1
32691,5,3
32692,1,1
32693,1,1
32694,1,1
32695,1,1
32696,1,1
32697,3,2
32698,1,1
32699,3,2
32700,1,1
32701,3,2
32702,2,1
32703,1,1
32704,3,3
32705,1,1
32706,1,1
32707,2,1
32708,1,1
32709,1,1
32710,1,1
32711,1,1
32712,1,1
32713,1,1
32714,23,12
32715,2,2
32716,1,1
32717,10,7
32718,2,2
32719,1,1
32720,1,1
32721,1,1
32722,11,7
32723,1,1
32724,1,1
32725,1,1
32726,7,6
32727,1,1
32728,1,1
32729,1,1
32730,9,6
32731,1,1
32732,1,1
32733,4,2
32734,1,1
32735,1,1
32736,2,1
32737,1,1
32738,1,1
32739,1,1
32740,1,1
32741,2,2
32742,1,1
32743,2,2
32744,5,3
32745,4,3
32746,1,1
32747,1,1
32748,2,1
32749,1,1
32750,2,2
32751,1,1
32752,3,1
32753,1,1
32754,1,1
32755,1,1
32756,2,1
32757,8,6
32758,1,1
32759,2,2
32760,1,1
32761,5,2
32762,1,1
32763,3,2
32764,1,1
32765,1,1
32766,1,1
32767,1,1
32768,1,1
32769,1,1
32770,5,4
32771,8,3
32772,1,1
32773,2,2
32774,1,1
32775,2,2
32776,1,1
32777,2,1
32778,2,2
32779,1,1
32780,1,1
32781,1,1
32782,1,1
32783,1,1
32784,1,1
32785,1,1
32786,1,1
32787,3,2
32788,1,1
32789,25,14
32790,12,6
32791,5,3
32792,1,1
32793,3,2
32794,5,4
32795,1,1
32796,1,1
32797,5,4
32798,8,5
32799,79,24
32800,1,1
32801,1,1
32802,36,26
32803,3,2
32804,1,1
32805,1,1
32806,2,2
32807,1,1
32808,2,1
32809,1,1
32810,1,1
32811,1,1
32812,1,1
32813,2,2
32814,1,1
32815,3,2
32816,2,2
32817,2,2
32818,1,1
32819,1,1
32820,1,1
32821,1,1
32822,3,3
32823,1,1
32824,2,2
32825,2,2
32826,2,2
32827,1,1
32828,1,1
32829,1,1
32830,2,2
32831,1,1
32832,21,15
32833,3,2
32834,1,1
32835,11,9
32836,1,1
32837,1,1
32838,3,2
32839,14,9
32840,1,1
32841,2,1
32842,3,3
32843,1,1
32844,1,1
32845,2,1
32846,1,1
32847,1,1
32848,1,1
32849,1,1
32850,5,4
32851,2,2
32852,1,1
32853,1,1
32854,2,1
32855,1,1
32856,13,6
32857,1,1
32858,1,1
32859,32,13
32860,1,1
32861,2,2
32862,1,1
32863,1,1
32864,1,1
32865,2,1
32866,1,1
32867,3,3
32868,2,1
32869,1,1
32870,1,1
32871,1,1
32872,289,64
32873,1,1
32874,1,1
32875,1,1
32876,3,2
32877,51,13
32878,1,1
32879,2,1
32880,1,1
32881,1,1
32882,3,2
32883,1,1
32884,117,25
32885,1,1
32886,1,1
32887,5,3
32888,1,1
32889,41,17
32890,4,4
32891,2,1
32892,4,4
32893,1,1
32894,1,1
32895,1,1
32896,3,3
32897,1,1
32898,1,1
32899,11,7
32900,2,1
32901,6,5
32902,1,1
32903,1,1
32904,7,5
32905,1,1
32906,1,1
32907,2,2
32908,1,1
32909,1,1
32910,1,1
32911,5,4
32912,1,1
32913,1,1
32914,2,2
32915,2,2
32916,1,1
32917,1,1
32918,1,1
32919,1,1
32920,1,1
32921,1,1
32922,2,2
32923,1,1
32924,1,1
32925,1,1
32926,1,1
32927,4,4
32928,1,1
32929,1,1
32930,4,2
32931,1,1
32932,3,3
32933,1,1
32934,3,3
32935,1,1
32936,9,8
32937,1,1
32938,2,2
32939,2,1
32940,9,8
32941,3,2
32942,1,1
32943,9,5
32944,1,1
32945,8,5
32946,1,1
32947,2,2
32948,1,1
32949,1,1
32950,1,1
32951,2,2
32952,4,3
32953,2,2
32954,3,3
32955,3,2
32956,2,2
32957,6,6
32958,1,1
32959,1,1
32960,3,2
32961,1,1
32962,1,1
32963,1,1
32964,1,1
32965,2,1
32966,1,1
32967,4,4
32968,1,1
32969,3,2
32970,1,1
32971,28,18
32972,4,3
32973,1,1
32974,1,1
32975,17,9
32976,1,1
32977,1,1
32978,1,1
32979,2,2
32980,4,4
32981,1,1
32982,1,1
32983,1,1
32984,1,1
32985,1,1
32986,1,1
32987,1,1
32988,1,1
32989,2,1
32990,1,1
32991,1,1
32992,3,3
32993,2,1
32994,1,1
32995,1,1
32996,1,1
32997,1,1
32998,1,1
32999,3,3
33000,2,2
33001,6,5
33002,1,1
33003,5,5
33004,26,14
33005,1,1
33006,1,1
33007,2,2
33008,1,1
33009,3,2
33010,2,2
33011,1,1
33012,1,1
33013,4,2
33014,1,1
33015,1,1
33016,3,2
33017,2,2
33018,2,1
33019,1,1
33020,1,1
33021,7,3
33022,2,2
33023,1,1
33024,2,1
33025,2,2
33026,1,1
33027,2,1
33028,1,1
33029,4,3
33030,1,1
33031,1,1
33032,1,1
33033,1,1
33034,4,2
33035,1,1
33036,6,3
33037,2,2
33038,31,14
33039,1,1
33040,1,1
33041,1,1
33042,3,1
33043,1,1
33044,6,3
33045,2,2
33046,1,1
33047,1,1
33048,19,12
33049,3,3
33050,1,1
33051,1,1
33052,2,2
33053,1,1
33054,1,1
33055,2,2
33056,1,1
33057,2,1
33058,1,1
33059,1,1
33060,1,1
33061,2,1
33062,2,1
33063,2,2
33064,1,1
33065,1,1
33066,1,1
33067,3,2
33068,1,1
33069,1,1
33070,1,1
33071,1,1
33072,6,4
33073,2,2
33074,1,1
33075,1,1
33076,1,1
33077,1,1
33078,1,1
33079,1,1
33080,1,1
33081,1,1
33082,1,1
33083,2,1
33084,1,1
33085,1,1
33086,4,3
33087,30,15
33088,1,1
33089,6,3
33090,2,2
33091,1,1
33092,2,2
33093,1,1
33094,1,1
33095,45,21
33096,3,3
33097,3,2
33098,1,1
33099,1,1
33100,2,2
33101,1,1
33102,1,1
33103,3,2
33104,1,1
33105,1,1
33106,1,1
33107,4,3
33108,1,1
33109,1,1
33110,1,1
33111,2,2
33112,1,1
33113,1,1
33114,3,1
33115,1,1
33116,2,1
33117,2,2
33118,1,1
33119,1,1
33120,3,2
33121,1,1
33122,1,1
33123,1,1
33124,5,5
33125,1,1
33126,2,1
33127,2,2
33128,2,1
33129,2,2
33130,1,1
33131,1,1
33132,28,15
33133,5,4
33134,2,2
33135,4,2
33136,1,1
33137,1,1
33138,1,1
33139,1,1
33140,1,1
33141,144,60
33142,10,9
33143,2,2
33144,3,2
33145,4,3
33146,2,2
33147,15,10
33148,1,1
33149,1,1
33150,1,1
33151,1,1
33152,1,1
33153,1,1
33154,2,1
33155,1,1
33156,1,1
33157,4,3
33158,1,1
33159,1,1
33160,1,1
33161,1,1
33162,1,1
33163,1,1
33164,1,1
33165,13,9
33166,11,7
33167,1,1
33168,2,2
33169,1,1
33170,1,1
33171,3,2
33172,21,5
33173,2,2
33174,1,1
33175,5,4
33176,1,1
33177,1,1
33178,1,1
33179,1,1
33180,3,3
33181,1,1
33182,1,1
33183,1,1
33184,4,2
33185,2,2
33186,1,1
33187,1,1
33188,2,2
33189,1,1
33190,1,1
33191,1,1
33192,1,1
33193,1,1
33194,1,1
33195,1,1
33196,2,2
33197,2,1
33198,4,2
33199,1,1
33200,1,1
33201,1,1
33202,2,2
33203,2,2
33204,1,1
33205,2,2
33206,1,1
33207,1,1
33208,1,1
33209,2,2
33210,1,1
33211,1,1
33212,2,2
33213,2,1
33214,1,1
33215,4,2
33216,1,1
33217,1,1
33218,2,2
33219,1,1
33220,1,1
33221,1,1
33222,6,3
33223,1,1
33224,2,2
33225,7,4
33226,32,18
33227,1,1
33228,2,2
33229,1,1
33230,1,1
33231,3,2
33232,1,1
33233,1,1
33234,1,1
33235,1,1
33236,1,1
33237,1,1
33238,1,1
33239,1,1
33240,4,3
33241,1,1
33242,1,1
33243,2,2
33244,1,1
33245,1,1
33246,5,3
33247,1,1
33248,1,1
33249,1,1
33250,1,1
33251,1,1
33252,2,2
33253,4,3
33254,2,2
33255,1,1
33256,1,1
33257,1,1
33258,1,1
33259,1,1
33260,5,4
33261,1,1
33262,1,1
33263,1,1
33264,1,1
33265,1,1
33266,2,2
33267,1,1
33268,1,1
33269,1,1
33270,5,4
33271,1,1
33272,1,1
33273,1,1
33274,2,2
33275,3,2
33276,1,1
33277,1,1
33278,1,1
33279,1,1
33280,1,1
33281,1,1
33282,1,1
33283,1,1
33284,19,12
33285,1,1
33286,1,1
33287,3,2
33288,1,1
33289,1,1
33290,2,2
33291,4,1
33292,2,2
33293,1,1
33294,1,1
33295,6,4
33296,1,1
33297,2,2
33298,1,1
33299,2,2
33300,1,1
33301,1,1
33302,1,1
33303,1,1
33304,1,1
33305,1,1
33306,1,1
33307,1,1
33308,1,1
33309,1,1
33310,8,3
33311,4,4
33312,4,3
33313,1,1
33314,2,2
33315,1,1
33316,2,2
33317,1,1
33318,3,3
33319,1,1
33320,1,1
33321,2,2
33322,1,1
33323,1,1
33324,1,1
33325,9,4
33326,3,3
33327,3,2
33328,6,6
33329,1,1
33330,1,1
33331,1,1
33332,3,2
33333,33,19
33334,1,1
33335,1,1
33336,1,1
33337,1,1
33338,2,2
33339,1,1
33340,1,1
33341,1,1
33342,4,4
33343,1,1
33344,1,1
33345,17,13
33346,1,1
33347,1,1
33348,1,1
33349,1,1
33350,1,1
33351,2,2
33352,1,1
33353,1,1
33354,1,1
33355,1,1
33356,1,1
33357,45,21
33358,5,4
33359,1,1
33360,1,1
33361,1,1
33362,1,1
33363,1,1
33364,3,2
33365,1,1
33366,1,1
33367,5,5
33368,1,1
33369,1,1
33370,2,2
33371,1,1
33372,1,1
33373,1,1
33374,2,2
33375,2,1
33376,1,1
33377,1,1
33378,1,1
33379,3,2
33380,2,2
33381,1,1
33382,1,1
33383,3,2
33384,1,1
33385,1,1
33386,1,1
33387,4,3
33388,2,1
33389,6,3
33390,1,1
33391,1,1
33392,1,1
33393,1,1
33394,4,3
33395,1,1
33396,2,2
33397,1,1
33398,1,1
33399,1,1
33400,2,2
33401,1,1
33402,3,3
33403,1,1
33404,1,1
33405,1,1
33406,25,13
33407,6,4
33408,2,2
33409,1,1
33410,76,17
33411,1,1
33412,1,1
33413,1,1
33414,1,1
33415,1,1
33416,1,1
33417,1,1
33418,15,15
33419,1,1
33420,19,12
33421,1,1
33422,1,1
33423,1,1
33424,1,1
33425,1,1
33426,1,1
33427,1,1
33428,2,2
33429,1,1
33430,1,1
33431,1,1
33432,1,1
33433,1,1
33434,1,1
33435,1,1
33436,4,3
33437,1,1
33438,1,1
33439,3,3
33440,3,2
33441,2,1
33442,1,1
33443,2,2
33444,219,72
33445,3,2
33446,2,2
33447,1,1
33448,14,11
33449,1,1
33450,1,1
33451,1,1
33452,2,2
33453,1,1
33454,1,1
33455,1,1
33456,1,1
33457,1,1
33458,1,1
33459,1,1
33460,3,2
33461,2,2
33462,13,8
33463,8,4
33464,2,2
33465,12,10
33466,8,8
33467,2,2
33468,1,1
33469,2,1
33470,4,3
33471,1,1
33472,1,1
33473,1,1
33474,2,2
33475,1,1
33476,1,1
33477,2,2
33478,3,2
33479,4,3
33480,1,1
33481,13,9
33482,1,1
33483,65,24
33484,1,1
33485,1,1
33486,1,1
33487,4,2
33488,4,2
33489,2,2
33490,2,2
33491,2,2
33492,1,1
33493,1,1
33494,9,6
33495,11,8
33496,46,16
33497,1,1
33498,1,1
33499,10,7
33500,4,3
33501,1,1
33502,2,2
33503,7,5
33504,1,1
33505,2,2
33506,1,1
33507,1,1
33508,1,1
33509,3,2
33510,2,2
33511,2,2
33512,2,2
33513,4,3
33514,2,2
33515,16,16
33516,2,2
33517,2,2
33518,5,3
33519,1,1
33520,1,1
33521,3,3
33522,5,5
33523,3,3
33524,1,1
33525,1,1
33526,4,3
33527,2,2
33528,1,1
33529,1,1
33530,2,1
33531,1,1
33532,2,2
33533,1,1
33534,11,7
33535,1,1
33536,1,1
33537,2,2
33538,1,1
33539,2,1
33540,1,1
33541,7,5
33542,11,6
33543,9,7
33544,1,1
33545,4,2
33546,12,6
33547,2,2
33548,1,1
33549,1,1
33550,1,1
33551,1,1
33552,1,1
33553,1,1
33554,3,2
33555,2,1
33556,1,1
33557,2,1
33558,3,2
33559,1,1
33560,1,1
33561,1,1
33562,1,1
33563,1,1
33564,1,1
33565,1,1
33566,1,1
33567,3,2
33568,2,1
33569,5,3
33570,1,1
33571,1,1
33572,1,1
33573,1,1
33574,1,1
33575,1,1
33576,1,1
33577,2,2
33578,1,1
33579,4,3
33580,2,2
33581,1,1
33582,2,2
33583,1,1
33584,1,1
33585,1,1
33586,1,1
33587,1,1
33588,9,6
33589,2,1
33590,1,1
33591,1,1
33592,1,1
33593,1,1
33594,2,2
33595,2,1
33596,1,1
33597,1,1
33598,1,1
33599,1,1
33600,1,1
33601,1,1
33602,1,1
33603,1,1
33604,1,1
33605,10,6
33606,52,32
33607,1,1
33608,2,2
33609,3,2
33610,8,5
33611,11,7
33612,1,1
33613,1,1
33614,2,2
33615,1,1
33616,1,1
33617,1,1
33618,1,1
33619,2,2
33620,1,1
33621,1,1
33622,1,1
33623,1,1
33624,4,4
33625,1,1
33626,1,1
33627,1,1
33628,1,1
33629,2,2
33630,1,1
33631,1,1
33632,1,1
33633,2,1
33634,1,1
33635,1,1
33636,1,1
33637,1,1
33638,1,1
33639,1,1
33640,26,18
33641,1,1
33642,1,1
33643,1,1
33644,1,1
33645,1,1
33646,2,2
33647,1,1
33648,1,1
33649,1,1
33650,1,1
33651,1,1
33652,1,1
33653,1,1
33654,2,2
33655,2,2
33656,1,1
33657,1,1
33658,2,2
33659,8,5
33660,1,1
33661,13,9
33662,1,1
33663,1,1
33664,1,1
33665,1,1
33666,1,1
33667,1,1
33668,1,1
33669,10,7
33670,1,1
33671,1,1
33672,1,1
33673,1,1
33674,3,2
33675,2,2
33676,3,3
33677,1,1
33678,1,1
33679,2,2
33680,1,1
33681,6,2
33682,13,7
33683,1,1
33684,1,1
33685,1,1
33686,3,2
33687,1,1
33688,3,1
33689,1,1
33690,2,1
33691,5,3
33692,2,1
33693,1,1
33694,1,1
33695,1,1
33696,7,5
33697,1,1
33698,2,2
33699,1,1
33700,2,2
33701,2,2
33702,1,1
33703,1,1
33704,1,1
33705,2,1
33706,1,1
33707,1,1
33708,1,1
33709,1,1
33710,1,1
33711,19,13
33712,2,2
33713,11,8
33714,1,1
33715,1,1
33716,20,8
33717,1,1
33718,1,1
33719,1,1
33720,7,5
33721,1,1
33722,4,3
33723,1,1
33724,1,1
33725,12,8
33726,1,1
33727,1,1
33728,2,2
33729,1,1
33730,1,1
33731,1,1
33732,1,1
33733,1,1
33734,1,1
33735,1,1
33736,1,1
33737,1,1
33738,1,1
33739,1,1
33740,4,4
33741,2,2
33742,1,1
33743,1,1
33744,2,2
33745,2,1
33746,1,1
33747,1,1
33748,2,1
33749,1,1
33750,1,1
33751,2,2
33752,1,1
33753,1,1
33754,1,1
33755,1,1
33756,1,1
33757,1,1
33758,1,1
33759,1,1
33760,2,2
33761,1,1
33762,1,1
33763,1,1
33764,2,1
33765,1,1
33766,14,10
33767,6,3
33768,1,1
33769,2,2
33770,1,1
33771,32,15
33772,1,1
33773,2,2
33774,2,1
33775,9,7
33776,1,1
33777,1,1
33778,2,2
33779,1,1
33780,2,1
33781,2,2
33782,2,1
33783,1,1
33784,1,1
33785,1,1
33786,1,1
33787,1,1
33788,1,1
33789,1,1
33790,1,1
33791,2,1
33792,1,1
33793,1,1
33794,2,2
33795,3,2
33796,3,2
33797,1,1
33798,1,1
33799,1,1
33800,2,1
33801,2,2
33802,1,1
33803,1,1
33804,1,1
33805,10,8
33806,1,1
33807,1,1
33808,10,10
33809,1,1
33810,1,1
33811,1,1
33812,1,1
33813,1,1
33814,2,2
33815,3,3
33816,1,1
33817,1,1
33818,1,1
33819,1,1
33820,1,1
33821,2,2
33822,6,6
33823,3,3
33824,1,1
33825,1,1
33826,1,1
33827,1,1
33828,1,1
33829,10,10
33830,3,2
33831,1,1
33832,4,3
33833,3,2
33834,3,1
33835,2,2
33836,1,1
33837,1,1
33838,11,5
33839,1,1
33840,1,1
33841,1,1
33842,1,1
33843,1,1
33844,2,2
33845,1,1
33846,2,2
33847,3,3
33848,3,3
33849,1,1
33850,1,1
33851,1,1
33852,1,1
33853,1,1
33854,2,2
33855,1,1
33856,1,1
33857,2,2
33858,1,1
33859,1,1
33860,30,21
33861,17,9
33862,1,1
33863,7,5
33864,8,5
33865,1,1
33866,2,2
33867,1,1
33868,1,1
33869,1,1
33870,17,12
33871,1,1
33872,1,1
33873,3,3
33874,4,3
33875,1,1
33876,1,1
33877,37,23
33878,1,1
33879,4,3
33880,1,1
33881,1,1
33882,1,1
33883,1,1
33884,1,1
33885,1,1
33886,29,16
33887,3,3
33888,1,1
33889,1,1
33890,2,2
33891,1,1
33892,1,1
33893,2,2
33894,1,1
33895,1,1
33896,2,2
33897,1,1
33898,1,1
33899,1,1
33900,2,2
33901,1,1
33902,1,1
33903,1,1
33904,3,2
33905,1,1
33906,1,1
33907,2,2
33908,2,2
33909,4,2
33910,1,1
33911,1,1
33912,1,1
33913,2,2
33914,1,1
33915,3,2
33916,1,1
33917,1,1
33918,1,1
33919,11,9
33920,1,1
33921,1,1
33922,1,1
33923,1,1
33924,1,1
33925,1,1
33926,3,2
33927,7,6
33928,1,1
33929,1,1
33930,1,1
33931,1,1
33932,1,1
33933,4,3
33934,5,2
33935,1,1
33936,1,1
33937,1,1
33938,1,1
33939,1,1
33940,2,2
33941,15,13
33942,1,1
33943,1,1
33944,2,1
33945,1,1
33946,4,2
33947,1,1
33948,1,1
33949,1,1
33950,1,1
33951,25,14
33952,1,1
33953,9,6
33954,2,2
33955,1,1
33956,1,1
33957,2,2
33958,1,1
33959,1,1
33960,5,3
33961,1,1
33962,1,1
33963,2,2
33964,1,1
33965,3,2
33966,2,1
33967,1,1
33968,2,1
33969,1,1
33970,2,2
33971,1,1
33972,1,1
33973,12,8
33974,1,1
33975,1,1
33976,8,5
33977,3,3
33978,7,5
33979,1,1
33980,1,1
33981,1,1
33982,1,1
33983,3,3
33984,3,2
33985,1,1
33986,2,2
33987,4,3
33988,1,1
33989,4,3
33990,3,3
33991,1,1
33992,4,4
33993,1,1
33994,7,5
33995,11,7
33996,2,1
33997,1,1
33998,1,1
33999,18,18
34000,4,3
34001,3,3
34002,1,1
34003,1,1
34004,1,1
34005,1,1
34006,1,1
34007,14,10
34008,1,1
34009,1,1
34010,3,3
34011,1,1
34012,1,1
34013,1,1
34014,1,1
34015,1,1
34016,3,3
34017,1,1
34018,9,9
34019,1,1
34020,1,1
34021,3,2
34022,3,3
34023,1,1
34024,2,2
34025,1,1
34026,1,1
34027,1,1
34028,3,3
34029,15,11
34030,1,1
34031,30,10
34032,1,1
34033,1,1
34034,1,1
34035,1,1
34036,3,2
34037,2,2
34038,4,3
34039,1,1
34040,1,1
34041,1,1
34042,1,1
34043,2,1
34044,1,1
34045,1,1
34046,1,1
34047,2,2
34048,2,2
34049,1,1
34050,2,2
34051,4,3
34052,1,1
34053,1,1
34054,1,1
34055,1,1
34056,11,10
34057,1,1
34058,1,1
34059,1,1
34060,1,1
34061,1,1
34062,2,2
34063,6,5
34064,1,1
34065,1,1
34066,1,1
34067,1,1
34068,1,1
34069,1,1
34070,1,1
34071,6,3
34072,12,6
34073,1,1
34074,1,1
34075,1,1
34076,1,1
34077,1,1
34078,1,1
34079,1,1
34080,1,1
34081,1,1
34082,1,1
34083,1,1
34084,2,1
34085,3,3
34086,1,1
34087,1,1
34088,4,2
34089,3,2
34090,1,1
34091,4,3
34092,1,1
34093,4,2
34094,1,1
34095,1,1
34096,1,1
34097,1,1
34098,1,1
34099,1,1
34100,8,6
34101,2,2
34102,1,1
34103,7,6
34104,1,1
34105,1,1
34106,2,2
34107,1,1
34108,5,5
34109,1,1
34110,1,1
34111,1,1
34112,1,1
34113,9,6
34114,2,2
34115,1,1
34116,1,1
34117,7,4
34118,1,1
34119,1,1
34120,1,1
34121,2,2
34122,1,1
34123,1,1
34124,3,3
34125,2,2
34126,6,4
34127,1,1
34128,1,1
34129,1,1
34130,1,1
34131,1,1
34132,4,4
34133,3,3
34134,6,5
34135,1,1
34136,1,1
34137,4,3
34138,1,1
34139,1,1
34140,3,2
34141,1,1
34142,1,1
34143,5,4
34144,1,1
34145,2,2
34146,1,1
34147,2,2
34148,1,1
34149,1,1
34150,1,1
34151,7,6
34152,1,1
34153,9,6
34154,1,1
34155,1,1
34156,1,1
34157,3,2
34158,1,1
34159,1,1
34160,1,1
34161,1,1
34162,1,1
34163,6,6
34164,5,4
34165,1,1
34166,2,1
34167,3,2
34168,4,3
34169,1,1
34170,3,2
34171,1,1
34172,1,1
34173,1,1
34174,1,1
34175,1,1
34176,1,1
34177,3,2
34178,1,1
34179,5,2
34180,1,1
34181,7,5
34182,1,1
34183,17,10
34184,1,1
34185,1,1
34186,1,1
34187,1,1
34188,1,1
34189,1,1
34190,4,2
34191,3,2
34192,12,8
34193,8,5
34194,2,1
34195,1,1
34196,2,2
34197,1,1
34198,1,1
34199,1,1
34200,2,2
34201,4,2
34202,1,1
34203,1,1
34204,9,7
34205,1,1
34206,1,1
34207,1,1
34208,3,1
34209,2,1
34210,1,1
34211,2,2
34212,1,1
34213,6,4
34214,9,5
34215,6,3
34216,1,1
34217,2,2
34218,13,8
34219,1,1
34220,17,11
34221,2,2
34222,1,1
34223,1,1
34224,3,2
34225,1,1
34226,1,1
34227,1,1
34228,1,1
34229,2,2
34230,1,1
34231,1,1
34232,1,1
34233,2,2
34234,3,3
34235,1,1
34236,2,2
34237,1,1
34238,1,1
34239,1,1
34240,70,22
34241,26,13
34242,1,1
34243,1,1
34244,1,1
34245,1,1
34246,2,2
34247,1,1
34248,1,1
34249,1,1
34250,1,1
34251,1,1
34252,2,2
34253,8,7
34254,1,1
34255,1,1
34256,1,1
34257,1,1
34258,1,1
34259,1,1
34260,1,1
34261,1,1
34262,1,1
34263,2,1
34264,1,1
34265,1,1
34266,1,1
34267,1,1
34268,1,1
34269,2,2
34270,3,1
34271,6,5
34272,3,2
34273,1,1
34274,3,2
34275,1,1
34276,1,1
34277,1,1
34278,3,2
34279,1,1
34280,6,4
34281,1,1
34282,1,1
34283,2,2
34284,2,2
34285,1,1
34286,1,1
34287,1,1
34288,2,2
34289,10,5
34290,1,1
34291,1,1
34292,1,1
34293,1,1
34294,2,2
34295,7,3
34296,1,1
34297,1,1
34298,4,2
34299,1,1
34300,1,1
34301,1,1
34302,1,1
34303,7,6
34304,1,1
34305,1,1
34306,2,1
34307,2,2
34308,3,2
34309,1,1
34310,1,1
34311,1,1
34312,2,2
34313,1,1
34314,2,2
34315,1,1
34316,6,4
34317,1,1
34318,1,1
34319,2,2
34320,1,1
34321,1,1
34322,1,1
34323,1,1
34324,1,1
34325,1,1
34326,1,1
34327,4,4
34328,3,3
34329,1,1
34330,1,1
34331,1,1
34332,2,2
34333,1,1
34334,3,3
34335,1,1
34336,1,1
34337,1,1
34338,1,1
34339,4,3
34340,1,1
34341,2,1
34342,1,1
34343,2,2
34344,1,1
34345,2,1
34346,2,2
34347,1,1
34348,4,3
34349,2,2
34350,2,2
34351,1,1
34352,1,1
34353,1,1
34354,14,5
34355,1,1
34356,1,1
34357,1,1
34358,3,2
34359,1,1
34360,1,1
34361,4,3
34362,6,5
34363,1,1
34364,1,1
34365,1,1
34366,4,4
34367,2,2
34368,1,1
34369,1,1
34370,5,4
34371,1,1
34372,1,1
34373,1,1
34374,13,6
34375,1,1
34376,2,2
34377,1,1
34378,2,2
34379,7,6
34380,65,38
34381,6,4
34382,1,1
34383,1,1
34384,6,6
34385,1,1
34386,2,2
34387,1,1
34388,1,1
34389,7,4
34390,1,1
34391,15,8
34392,2,1
34393,3,3
34394,1,1
34395,2,2
34396,12,7
34397,89,29
34398,4,3
34399,1,1
34400,1,1
34401,1,1
34402,1,1
34403,5,4
34404,1,1
34405,1,1
34406,6,5
34407,1,1
34408,1,1
34409,14,8
34410,2,2
34411,1,1
34412,1,1
34413,1,1
34414,2,2
34415,25,9
34416,26,16
34417,1,1
34418,5,3
34419,3,3
34420,1,1
34421,1,1
34422,1,1
34423,5,4
34424,8,4
34425,2,2
34426,3,2
34427,2,2
34428,1,1
34429,13,6
34430,2,1
34431,2,2
34432,1,1
34433,1,1
34434,2,1
34435,5,4
34436,1,1
34437,3,2
34438,1,1
34439,5,3
34440,1,1
34441,1,1
34442,285,74
34443,2,2
34444,1,1
34445,2,2
34446,1,1
34447,1,1
34448,1,1
34449,1,1
34450,1,1
34451,3,2
34452,7,6
34453,1,1
34454,1,1
34455,1,1
34456,3,3
34457,2,2
34458,440,69
34459,1,1
34460,4,4
34461,1,1
34462,1,1
34463,1,1
34464,1,1
34465,1,1
34466,1,1
34467,2,2
34468,2,2
34469,1,1
34470,1,1
34471,12,7
34472,1,1
34473,1,1
34474,1,1
34475,1,1
34476,2,2
34477,1,1
34478,3,2
34479,3,3
34480,1,1
34481,3,2
34482,1,1
34483,1,1
34484,1,1
34485,1,1
34486,1,1
34487,5,4
34488,2,2
34489,1,1
34490,1,1
34491,1,1
34492,1,1
34493,1,1
34494,28,15
34495,1,1
34496,1,1
34497,1,1
34498,5,5
34499,1,1
34500,1,1
34501,1,1
34502,4,3
34503,1,1
34504,10,5
34505,1,1
34506,2,2
34507,2,1
34508,1,1
34509,1,1
34510,2,2
34511,3,2
34512,1,1
34513,6,6
34514,1,1
34515,1,1
34516,2,2
34517,1,1
34518,1,1
34519,1,1
34520,4,2
34521,1,1
34522,1,1
34523,1,1
34524,2,1
34525,3,2
34526,1,1
34527,1,1
34528,4,4
34529,40,16
34530,1,1
34531,3,2
34532,1,1
34533,1,1
34534,1,1
34535,1,1
34536,1,1
34537,1,1
34538,1,1
34539,8,7
34540,1,1
34541,1,1
34542,1,1
34543,1,1
34544,1,1
34545,2,2
34546,1,1
34547,1,1
34548,1,1
34549,3,2
34550,2,2
34551,1,1
34552,4,4
34553,6,4
34554,1,1
34555,3,2
34556,1,1
34557,1,1
34558,11,7
34559,2,2
34560,1,1
34561,3,2
34562,1,1
34563,1,1
34564,2,1
34565,32,18
34566,1,1
34567,2,2
34568,1,1
34569,1,1
34570,1,1
34571,2,2
34572,1,1
34573,3,2
34574,1,1
34575,1,1
34576,1,1
34577,3,3
34578,9,9
34579,1,1
34580,15,9
34581,2,1
34582,9,6
34583,2,2
34584,7,6
34585,1,1
34586,5,4
34587,3,2
34588,1,1
34589,6,5
34590,1,1
34591,1,1
34592,1,1
34593,1,1
34594,1,1
34595,1,1
34596,5,5
34597,2,2
34598,1,1
34599,8,4
34600,1,1
34601,2,2
34602,4,3
34603,1,1
34604,1,1
34605,1,1
34606,1,1
34607,9,6
34608,1,1
34609,2,2
34610,1,1
34611,24,15
34612,1,1
34613,1,1
34614,2,2
34615,2,2
34616,7,5
34617,69,36
34618,5,4
34619,1,1
34620,5,5
34621,1,1
34622,1,1
34623,4,3
34624,1,1
34625,1,1
34626,3,3
34627,2,1
34628,13,10
34629,19,14
34630,1,1
34631,1,1
34632,1,1
34633,22,12
34634,1,1
34635,1,1
34636,2,1
34637,1,1
34638,1,1
34639,2,1
34640,7,3
34641,2,2
34642,1,1
34643,1,1
34644,1,1
34645,5,4
34646,4,3
34647,1,1
34648,1,1
34649,4,3
34650,1,1
34651,3,3
34652,1,1
34653,1,1
34654,1,1
34655,2,2
34656,10,10
34657,1,1
34658,4,4
34659,1,1
34660,1,1
34661,1,1
34662,1,1
34663,1,1
34664,1,1
34665,1,1
34666,1,1
34667,1,1
34668,1,1
34669,2,2
34670,1,1
34671,1,1
34672,1,1
34673,1,1
34674,1,1
34675,1,1
34676,2,2
34677,2,2
34678,2,2
34679,1,1
34680,2,1
34681,2,1
34682,1,1
34683,26,10
34684,2,2
34685,2,2
34686,1,1
34687,2,2
34688,1,1
34689,1,1
34690,1,1
34691,2,2
34692,1,1
34693,9,6
34694,1,1
34695,3,2
34696,1,1
34697,1,1
34698,11,4
34699,8,7
34700,2,2
34701,3,3
34702,3,3
34703,1,1
34704,1,1
34705,2,2
34706,1,1
34707,49,31
34708,1,1
34709,1,1
34710,2,2
34711,1,1
34712,3,3
34713,1,1
34714,1,1
34715,6,3
34716,3,3
34717,1,1
34718,12,6
34719,1,1
34720,7,5
34721,7,6
34722,13,7
34723,1,1
34724,1,1
34725,5,4
34726,1,1
34727,1,1
34728,1,1
34729,1,1
34730,1,1
34731,1,1
34732,1,1
34733,1,1
34734,1,1
34735,1,1
34736,1,1
34737,16,7
34738,2,1
34739,1,1
34740,1,1
34741,2,2
34742,1,1
34743,2,1
34744,1,1
34745,1,1
34746,5,3
34747,1,1
34748,2,2
34749,2,2
34750,1,1
34751,5,3
34752,1,1
34753,1,1
34754,1,1
34755,2,2
34756,1,1
34757,38,13
34758,3,2
34759,1,1
34760,1,1
34761,1,1
34762,1,1
34763,1,1
34764,1,1
34765,16,10
34766,2,2
34767,1,1
34768,3,3
34769,7,4
34770,1,1
34771,6,5
34772,1,1
34773,1,1
34774,1,1
34775,1,1
34776,1,1
34777,1,1
34778,4,4
34779,1,1
34780,1,1
34781,3,3
34782,4,3
34783,1,1
34784,1,1
34785,1,1
34786,8,6
34787,1,1
34788,1,1
34789,1,1
34790,7,4
34791,1,1
34792,2,1
34793,1,1
34794,1,1
34795,17,10
34796,1,1
34797,1,1
34798,1,1
34799,12,5
34800,9,4
34801,1,1
34802,3,2
34803,1,1
34804,1,1
34805,1,1
34806,18,9
34807,4,2
34808,9,6
34809,4,4
34810,1,1
34811,1,1
34812,2,2
34813,1,1
34814,1,1
34815,1,1
34816,1,1
34817,1,1
34818,1,1
34819,1,1
34820,3,3
34821,1,1
34822,2,2
34823,1,1
34824,3,3
34825,28,16
34826,3,2
34827,12,8
34828,3,3
34829,1,1
34830,1,1
34831,2,1
34832,2,2
34833,5,3
34834,1,1
34835,1,1
34836,1,1
34837,1,1
34838,1,1
34839,1,1
34840,2,2
34841,1,1
34842,1,1
34843,1,1
34844,4,4
34845,2,1
34846,1,1
34847,2,2
34848,3,3
34849,1,1
34850,1,1
34851,1,1
34852,1,1
34853,1,1
34854,1,1
34855,1,1
34856,2,2
34857,1,1
34858,1,1
34859,2,2
34860,14,9
34861,2,2
34862,1,1
34863,1,1
34864,1,1
34865,1,1
34866,1,1
34867,1,1
34868,1,1
34869,1,1
34870,3,3
34871,1,1
34872,1,1
34873,1,1
34874,5,3
34875,1,1
34876,1,1
34877,1,1
34878,1,1
34879,1,1
34880,1,1
34881,3,2
34882,4,1
34883,2,2
34884,2,2
34885,1,1
34886,1,1
34887,1,1
34888,10,8
34889,1,1
34890,3,2
34891,1,1
34892,1,1
34893,1,1
34894,1,1
34895,1,1
34896,1,1
34897,8,8
34898,1,1
34899,1,1
34900,1,1
34901,1,1
34902,1,1
34903,10,6
34904,2,2
34905,1,1
34906,1,1
34907,1,1
34908,1,1
34909,1,1
34910,1,1
34911,1,1
34912,1,1
34913,3,3
34914,1,1
34915,1,1
34916,1,1
34917,1,1
34918,4,3
34919,2,2
34920,12,8
34921,1,1
34922,2,2
34923,1,1
34924,1,1
34925,1,1
34926,1,1
34927,13,8
34928,1,1
34929,9,8
34930,1,1
34931,2,1
34932,3,3
34933,1,1
34934,6,5
34935,3,3
34936,1,1
34937,3,2
34938,1,1
34939,1,1
34940,1,1
34941,1,1
34942,1,1
34943,1,1
34944,3,3
34945,2,2
34946,1,1
34947,1,1
34948,1,1
34949,1,1
34950,1,1
34951,2,1
34952,1,1
34953,12,5
34954,8,3
34955,3,2
34956,1,1
34957,4,2
34958,1,1
34959,2,2
34960,1,1
34961,1,1
34962,1,1
34963,1,1
34964,1,1
34965,1,1
34966,2,2
34967,1,1
34968,2,1
34969,1,1
34970,1,1
34971,1,1
34972,11,7
34973,1,1
34974,1,1
34975,1,1
34976,1,1
34977,1,1
34978,1,1
34979,2,2
34980,1,1
34981,2,2
34982,1,1
34983,4,2
34984,1,1
34985,2,1
34986,1,1
34987,6,4
34988,1,1
34989,1,1
34990,1,1
34991,8,8
34992,1,1
34993,3,2
34994,14,11
34995,1,1
34996,3,3
34997,2,1
34998,1,1
34999,96,28
35000,9,5
35001,1,1
35002,354,76
35003,3,3
35004,1,1
35005,2,2
35006,1,1
35007,1,1
35008,2,2
35009,2,2
35010,1,1
35011,1,1
35012,1,1
35013,3,3
35014,1,1
35015,4,2
35016,1,1
35017,1,1
35018,1,1
35019,1,1
35020,1,1
35021,7,7
35022,1,1
35023,1,1
35024,2,1
35025,2,1
35026,13,9
35027,1,1
35028,2,1
35029,1,1
35030,1,1
35031,1,1
35032,1,1
35033,1,1
35034,4,4
35035,1,1
35036,1,1
35037,1,1
35038,3,3
35039,3,3
35040,1,1
35041,4,4
35042,1,1
35043,1,1
35044,2,2
35045,146,42
35046,7,4
35047,2,1
35048,21,11
35049,3,3
35050,1,1
35051,1,1
35052,9,6
35053,2,2
35054,2,2
35055,1,1
35056,5,5
35057,3,3
35058,2,2
35059,1,1
35060,2,2
35061,14,9
35062,2,1
35063,1,1
35064,2,2
35065,1,1
35066,2,2
35067,1,1
35068,1,1
35069,1,1
35070,1,1
35071,1,1
35072,1,1
35073,1,1
35074,9,6
35075,2,2
35076,1,1
35077,2,1
35078,1,1
35079,1,1
35080,1,1
35081,2,1
35082,16,9
35083,10,6
35084,1,1
35085,1,1
35086,2,2
35087,1,1
35088,2,2
35089,1,1
35090,1,1
35091,2,2
35092,1,1
35093,1,1
35094,1,1
35095,1,1
35096,2,2
35097,1,1
35098,2,2
35099,1,1
35100,1,1
35101,1,1
35102,1,1
35103,2,2
35104,12,6
35105,2,2
35106,1,1
35107,1,1
35108,1,1
35109,4,2
35110,1,1
35111,1,1
35112,6,5
35113,4,3
35114,1,1
35115,1,1
35116,1,1
35117,6,3
35118,1,1
35119,4,4
35120,1,1
35121,1,1
35122,83,53
35123,3,2
35124,1,1
35125,1,1
35126,2,1
35127,2,1
35128,1,1
35129,1,1
35130,1,1
35131,6,5
35132,13,9
35133,3,2
35134,1,1
35135,1,1
35136,12,8
35137,4,3
35138,1,1
35139,1,1
35140,2,1
35141,2,2
35142,2,1
35143,2,1
35144,1,1
35145,2,1
35146,2,2
35147,1,1
35148,1,1
35149,2,2
35150,2,2
35151,1,1
35152,1,1
35153,6,4
35154,2,1
35155,1,1
35156,1,1
35157,1,1
35158,1,1
35159,1,1
35160,1,1
35161,1,1
35162,1,1
35163,8,6
35164,1,1
35165,1,1
35166,2,2
35167,1,1
35168,1,1
35169,2,2
35170,2,2
35171,4,4
35172,2,2
35173,1,1
35174,1,1
35175,4,3
35176,3,2
35177,1,1
35178,1,1
35179,3,3
35180,1,1
35181,5,4
35182,4,2
35183,1,1
35184,1,1
35185,2,2
35186,1,1
35187,1,1
35188,2,1
35189,2,2
35190,2,2
35191,1,1
35192,1,1
35193,1,1
35194,1,1
35195,2,1
35196,1,1
35197,3,2
35198,4,4
35199,6,5
35200,1,1
35201,1,1
35202,1,1
35203,3,2
35204,1,1
35205,4,3
35206,1,1
35207,1,1
35208,1,1
35209,1,1
35210,6,4
35211,1,1
35212,1,1
35213,1,1
35214,5,5
35215,1,1
35216,1,1
35217,1,1
35218,5,5
35219,1,1
35220,14,4
35221,1,1
35222,1,1
35223,5,5
35224,2,1
35225,1,1
35226,1,1
35227,1,1
35228,1,1
35229,1,1
35230,7,5
35231,1,1
35232,3,2
35233,1,1
35234,6,5
35235,6,6
35236,4,2
35237,1,1
35238,1,1
35239,1,1
35240,117,68
35241,2,2
35242,1,1
35243,1,1
35244,3,3
35245,1,1
35246,127,72
35247,72,47
35248,1,1
35249,2,2
35250,19,9
35251,1,1
35252,1,1
35253,1,1
35254,1,1
35255,4,3
35256,1,1
35257,58,48
35258,4,3
35259,4,3
35260,1,1
35261,3,3
35262,1,1
35263,12,9
35264,1,1
35265,1,1
35266,1,1
35267,1,1
35268,2,2
35269,1,1
35270,1,1
35271,1,1
35272,2,2
35273,1,1
35274,1,1
35275,6,3
35276,1,1
35277,3,3
35278,4,4
35279,1,1
35280,1,1
35281,1,1
35282,1,1
35283,3,3
35284,2,1
35285,1,1
35286,2,2
35287,1,1
35288,2,2
35289,3,3
35290,1,1
35291,1,1
35292,1,1
35293,8,6
35294,1,1
35295,10,4
35296,4,2
35297,1,1
35298,1,1
35299,1,1
35300,1,1
35301,3,3
35302,1,1
35303,1,1
35304,2,2
35305,1,1
35306,1,1
35307,1,1
35308,7,4
35309,4,3
35310,1,1
35311,1,1
35312,2,1
35313,1,1
35314,1,1
35315,2,1
35316,1,1
35317,1,1
35318,5,3
35319,1,1
35320,1,1
35321,1,1
35322,1,1
35323,1,1
35324,2,2
35325,19,13
35326,1,1
35327,2,2
35328,9,6
35329,1,1
35330,1,1
35331,1,1
35332,1,1
35333,2,1
35334,1,1
35335,2,2
35336,1,1
35337,3,3
35338,1,1
35339,1,1
35340,12,8
35341,2,2
35342,7,4
35343,5,5
35344,1,1
35345,2,1
35346,1,1
35347,2,2
35348,1,1
35349,1,1
35350,1,1
35351,1,1
35352,1,1
35353,1,1
35354,1,1
35355,2,2
35356,1,1
35357,2,2
35358,1,1
35359,1,1
35360,1,1
35361,1,1
35362,1,1
35363,1,1
35364,1,1
35365,1,1
35366,1,1
35367,1,1
35368,1,1
35369,2,2
35370,2,2
35371,7,4
35372,3,2
35373,2,2
35374,2,2
35375,6,4
35376,2,2
35377,2,1
35378,6,5
35379,1,1
35380,2,2
35381,28,11
35382,10,5
35383,1,1
35384,1,1
35385,1,1
35386,1,1
35387,6,6
35388,2,2
35389,1,1
35390,9,5
35391,1,1
35392,1,1
35393,3,2
35394,1,1
35395,12,9
35396,1,1
35397,363,70
35398,2,2
35399,1,1
35400,8,6
35401,1,1
35402,1,1
35403,1,1
35404,1,1
35405,1,1
35406,1,1
35407,6,5
35408,2,2
35409,1,1
35410,1,1
35411,1,1
35412,4,4
35413,1,1
35414,5,3
35415,1,1
35416,1,1
35417,1,1
35418,2,2
35419,1,1
35420,4,2
35421,1,1
35422,1,1
35423,5,4
35424,6,4
35425,1,1
35426,2,2
35427,285,69
35428,2,2
35429,2,1
35430,1,1
35431,4,4
35432,1,1
35433,1,1
35434,504,83
35435,1,1
35436,2,2
35437,1,1
35438,1,1
35439,1,1
35440,1,1
35441,1,1
35442,1,1
35443,1,1
35444,5,3
35445,1,1
35446,1,1
35447,3,2
35448,1,1
35449,4,4
35450,1,1
35451,1,1
35452,1,1
35453,1,1
35454,2,1
35455,1,1
35456,2,2
35457,1,1
35458,1,1
35459,3,2
35460,1,1
35461,1,1
35462,1,1
35463,12,8
35464,3,3
35465,2,1
35466,4,3
35467,4,2
35468,1,1
35469,6,6
35470,6,4
35471,1,1
35472,2,2
35473,1,1
35474,1,1
35475,1,1
35476,1,1
35477,1,1
35478,1,1
35479,1,1
35480,1,1
35481,1,1
35482,1,1
35483,1,1
35484,1,1
35485,1,1
35486,2,2
35487,1,1
35488,1,1
35489,4,2
35490,1,1
35491,20,15
35492,2,1
35493,1,1
35494,1,1
35495,1,1
35496,1,1
35497,1,1
35498,1,1
35499,1,1
35500,3,3
35501,1,1
35502,1,1
35503,1,1
35504,1,1
35505,57,43
35506,1,1
35507,2,2
35508,3,3
35509,1,1
35510,2,2
35511,1,1
35512,2,1
35513,3,2
35514,1,1
35515,1,1
35516,1,1
35517,1,1
35518,2,2
35519,1,1
35520,2,1
35521,12,5
35522,2,1
35523,1,1
35524,1,1
35525,1,1
35526,1,1
35527,1,1
35528,1,1
35529,5,5
35530,45,28
35531,1,1
35532,4,4
35533,2,2
35534,2,2
35535,2,1
35536,4,4
35537,1,1
35538,1,1
35539,32,11
35540,1,1
35541,1,1
35542,22,8
35543,1,1
35544,1,1
35545,1,1
35546,24,11
35547,1,1
35548,1,1
35549,1,1
35550,1,1
35551,6,6
35552,4,4
35553,2,2
35554,1,1
35555,2,1
35556,2,2
35557,1,1
35558,2,2
35559,1,1
35560,2,1
35561,2,2
35562,2,2
35563,1,1
35564,2,1
35565,2,2
35566,1,1
35567,6,4
35568,4,2
35569,2,2
35570,2,1
35571,1,1
35572,3,2
35573,1,1
35574,1,1
35575,1,1
35576,1,1
35577,1,1
35578,1,1
35579,1,1
35580,2,2
35581,1,1
35582,2,2
35583,4,3
35584,2,1
35585,1,1
35586,2,2
35587,1,1
35588,1,1
35589,1,1
35590,1,1
35591,3,2
35592,1,1
35593,6,4
35594,2,2
35595,1,1
35596,2,1
35597,4,2
35598,1,1
35599,2,1
35600,1,1
35601,1,1
35602,6,4
35603,1,1
35604,1,1
35605,4,2
35606,1,1
35607,2,2
35608,2,1
35609,2,2
35610,1,1
35611,3,2
35612,1,1
35613,5,4
35614,1,1
35615,1,1
35616,8,4
35617,1,1
35618,1,1
35619,1,1
35620,10,8
35621,2,1
35622,1,1
35623,2,2
35624,1,1
35625,1,1
35626,3,2
35627,3,3
35628,2,1
35629,1,1
35630,1,1
35631,1,1
35632,10,6
35633,1,1
35634,3,2
35635,4,2
35636,1,1
35637,1,1
35638,3,3
35639,1,1
35640,3,3
35641,3,2
35642,2,1
35643,1,1
35644,5,4
35645,12,8
35646,1,1
35647,1,1
35648,3,3
35649,1,1
35650,1,1
35651,10,7
35652,2,2
35653,1,1
35654,1,1
35655,1,1
35656,1,1
35657,1,1
35658,4,4
35659,1,1
35660,1,1
35661,1,1
35662,2,2
35663,1,1
35664,3,3
35665,1,1
35666,2,1
35667,1,1
35668,1,1
35669,2,2
35670,15,10
35671,2,2
35672,2,2
35673,1,1
35674,1,1
35675,1,1
35676,1,1
35677,1,1
35678,1,1
35679,1,1
35680,1,1
35681,1,1
35682,1,1
35683,1,1
35684,1,1
35685,1,1
35686,1,1
35687,1,1
35688,1,1
35689,2,1
35690,2,1
35691,1,1
35692,2,2
35693,1,1
35694,1,1
35695,2,2
35696,5,3
35697,1,1
35698,8,8
35699,1,1
35700,1,1
35701,2,2
35702,1,1
35703,2,2
35704,3,3
35705,1,1
35706,2,2
35707,6,5
35708,1,1
35709,1,1
35710,1,1
35711,1,1
35712,3,2
35713,2,2
35714,1,1
35715,1,1
35716,4,2
35717,2,2
35718,9,5
35719,1,1
35720,1,1
35721,1,1
35722,1,1
35723,1,1
35724,2,1
35725,1,1
35726,2,2
35727,1,1
35728,14,8
35729,1,1
35730,1,1
35731,6,4
35732,4,3
35733,1,1
35734,1,1
35735,2,2
35736,1,1
35737,5,3
35738,3,2
35739,18,9
35740,3,3
35741,1,1
35742,12,11
35743,1,1
35744,1,1
35745,1,1
35746,1,1
35747,1,1
35748,1,1
35749,1,1
35750,1,1
35751,1,1
35752,1,1
35753,1,1
35754,3,3
35755,1,1
35756,1,1
35757,2,2
35758,1,1
35759,1,1
35760,5,3
35761,1,1
35762,1,1
35763,1,1
35764,2,1
35765,1,1
35766,3,3
35767,1,1
35768,1,1
35769,2,1
35770,1,1
35771,1,1
35772,1,1
35773,4,4
35774,3,2
35775,1,1
35776,1,1
35777,1,1
35778,2,2
35779,1,1
35780,1,1
35781,1,1
35782,1,1
35783,30,13
35784,1,1
35785,3,2
35786,5,5
35787,1,1
35788,1,1
35789,1,1
35790,22,15
35791,1,1
35792,1,1
35793,1,1
35794,1,1
35795,4,3
35796,1,1
35797,1,1
35798,1,1
35799,12,5
35800,1,1
35801,1,1
35802,1,1
35803,1,1
35804,1,1
35805,2,2
35806,1,1
35807,3,2
35808,1,1
35809,1,1
35810,1,1
35811,1,1
35812,1,1
35813,19,11
35814,58,33
35815,1,1
35816,1,1
35817,1,1
35818,2,2
35819,1,1
35820,7,5
35821,1,1
35822,1,1
35823,26,26
35824,1,1
35825,1,1
35826,1,1
35827,1,1
35828,1,1
35829,1,1
35830,1,1
35831,1,1
35832,6,4
35833,5,4
35834,1,1
35835,1,1
35836,1,1
35837,1,1
35838,1,1
35839,1,1
35840,1,1
35841,1,1
35842,1,1
35843,1,1
35844,1,1
35845,1,1
35846,1,1
35847,2,1
35848,1,1
35849,2,2
35850,1,1
35851,1,1
35852,1,1
35853,3,3
35854,1,1
35855,2,1
35856,2,1
35857,1,1
35858,3,2
35859,4,3
35860,7,5
35861,1,1
35862,4,3
35863,4,3
35864,1,1
35865,1,1
35866,1,1
35867,1,1
35868,15,11
35869,3,3
35870,91,53
35871,4,3
35872,1,1
35873,1,1
35874,1,1
35875,1,1
35876,1,1
35877,1,1
35878,1,1
35879,1,1
35880,2,2
35881,1,1
35882,1,1
35883,3,2
35884,1,1
35885,1,1
35886,5,3
35887,1,1
35888,1,1
35889,1,1
35890,1,1
35891,1,1
35892,1,1
35893,1,1
35894,1,1
35895,1,1
35896,3,3
35897,1,1
35898,1,1
35899,1,1
35900,1,1
35901,1,1
35902,1,1
35903,1,1
35904,1,1
35905,1,1
35906,5,5
35907,1,1
35908,1,1
35909,2,2
35910,3,3
35911,1,1
35912,1,1
35913,9,7
35914,2,1
35915,1,1
35916,1,1
35917,1,1
35918,1,1
35919,1,1
35920,1,1
35921,2,2
35922,2,2
35923,1,1
35924,2,1
35925,2,2
35926,4,2
35927,1,1
35928,1,1
35929,1,1
35930,6,5
35931,1,1
35932,1,1
35933,1,1
35934,1,1
35935,3,3
35936,1,1
35937,1,1
35938,1,1
35939,1,1
35940,1,1
35941,1,1
35942,15,10
35943,2,2
35944,2,2
35945,2,2
35946,2,1
35947,1,1
35948,4,3
35949,1,1
35950,6,4
35951,6,5
35952,4,3
35953,1,1
35954,1,1
35955,1,1
35956,1,1
35957,1,1
35958,1,1
35959,1,1
35960,1,1
35961,1,1
35962,1,1
35963,3,1
35964,2,1
35965,2,2
35966,1,1
35967,1,1
35968,2,1
35969,1,1
35970,1,1
35971,1,1
35972,1,1
35973,2,2
35974,1,1
35975,1,1
35976,1,1
35977,1,1
35978,1,1
35979,1,1
35980,1,1
35981,7,7
35982,2,1
35983,1,1
35984,9,5
35985,6,3
35986,1,1
35987,4,3
35988,2,2
35989,1,1
35990,2,2
35991,1,1
35992,2,1
35993,3,2
35994,2,1
35995,1,1
35996,1,1
35997,1,1
35998,3,2
35999,180,52
36000,1,1
36001,1,1
36002,1,1
36003,1,1
36004,1,1
36005,1,1
36006,1,1
36007,1,1
36008,1,1
36009,2,1
36010,1,1
36011,1,1
36012,1,1
36013,8,4
36014,1,1
36015,1,1
36016,3,3
36017,2,2
36018,2,2
36019,1,1
36020,5,3
36021,1,1
36022,1,1
36023,1,1
36024,1,1
36025,12,7
36026,3,3
36027,1,1
36028,1,1
36029,1,1
36030,1,1
36031,1,1
36032,1,1
36033,1,1
36034,1,1
36035,43,12
36036,2,2
36037,2,1
36038,1,1
36039,1,1
36040,1,1
36041,57,35
36042,2,1
36043,7,6
36044,1,1
36045,4,3
36046,1,1
36047,1,1
36048,1,1
36049,7,6
36050,2,2
36051,2,2
36052,1,1
36053,1,1
36054,1,1
36055,1,1
36056,2,2
36057,5,5
36058,5,3
36059,2,2
36060,1,1
36061,1,1
36062,1,1
36063,1,1
36064,1,1
36065,1,1
36066,1,1
36067,2,2
36068,1,1
36069,11,11
36070,2,2
36071,1,1
36072,1,1
36073,3,2
36074,2,2
36075,3,3
36076,1,1
36077,1,1
36078,1,1
36079,1,1
36080,1,1
36081,1,1
36082,1,1
36083,1,1
36084,5,3
36085,2,1
36086,4,3
36087,1,1
36088,1,1
36089,1,1
36090,1,1
36091,3,3
36092,2,2
36093,4,3
36094,1,1
36095,2,2
36096,1,1
36097,1,1
36098,1,1
36099,1,1
36100,1,1
36101,4,4
36102,1,1
36103,1,1
36104,1,1
36105,1,1
36106,2,2
36107,1,1
36108,1,1
36109,1,1
36110,4,4
36111,1,1
36112,1,1
36113,1,1
36114,2,1
36115,1,1
36116,1,1
36117,2,2
36118,1,1
36119,1,1
36120,1,1
36121,2,2
36122,2,2
36123,7,7
36124,1,1
36125,1,1
36126,1,1
36127,1,1
36128,7,4
36129,4,3
36130,1,1
36131,9,6
36132,1,1
36133,1,1
36134,2,2
36135,1,1
36136,1,1
36137,3,3
36138,1,1
36139,1,1
36140,1,1
36141,2,2
36142,1,1
36143,1,1
36144,41,21
36145,1,1
36146,1,1
36147,1,1
36148,7,5
36149,2,1
36150,1,1
36151,1,1
36152,2,2
36153,1,1
36154,4,3
36155,1,1
36156,1,1
36157,4,2
36158,1,1
36159,1,1
36160,2,2
36161,4,4
36162,10,7
36163,3,3
36164,4,3
36165,1,1
36166,2,1
36167,1,1
36168,3,3
36169,1,1
36170,1,1
36171,2,1
36172,1,1
36173,3,3
36174,1,1
36175,1,1
36176,1,1
36177,3,2
36178,8,3
36179,1,1
36180,1,1
36181,2,2
36182,1,1
36183,1,1
36184,1,1
36185,1,1
36186,1,1
36187,3,2
36188,2,2
36189,1,1
36190,1,1
36191,1,1
36192,1,1
36193,9,5
36194,1,1
36195,2,2
36196,1,1
36197,1,1
36198,1,1
36199,1,1
36200,1,1
36201,1,1
36202,1,1
36203,1,1
36204,2,2
36205,10,8
36206,1,1
36207,1,1
36208,2,2
36209,5,5
36210,2,2
36211,35,22
36212,1,1
36213,1,1
36214,1,1
36215,1,1
36216,2,1
36217,1,1
36218,4,2
36219,3,2
36220,1,1
36221,2,2
36222,1,1
36223,5,3
36224,4,4
36225,1,1
36226,4,3
36227,1,1
36228,1,1
36229,181,34
36230,1,1
36231,1,1
36232,1,1
36233,1,1
36234,19,8
36235,1,1
36236,1,1
36237,1,1
36238,1,1
36239,2,2
36240,1,1
36241,1,1
36242,2,2
36243,1,1
36244,1,1
36245,2,2
36246,8,5
36247,58,24
36248,1,1
36249,218,43
36250,2,2
36251,1,1
36252,1,1
36253,1,1
36254,1,1
36255,1,1
36256,4,3
36257,12,7
36258,1,1
36259,1,1
36260,1,1
36261,1,1
36262,1,1
36263,2,2
36264,1,1
36265,2,2
36266,1,1
36267,121,50
36268,3,2
36269,1,1
36270,1,1
36271,2,1
36272,2,2
36273,4,1
36274,3,3
36275,1,1
36276,1,1
36277,1,1
36278,1,1
36279,1,1
36280,2,2
36281,3,3
36282,1,1
36283,1,1
36284,1,1
36285,3,3
36286,9,9
36287,94,42
36288,1,1
36289,3,3
36290,1,1
36291,2,1
36292,1,1
36293,3,3
36294,1,1
36295,1,1
36296,1,1
36297,2,2
36298,1,1
36299,2,2
36300,7,6
36301,1,1
36302,1,1
36303,106,42
36304,1,1
36305,8,4
36306,7,5
36307,1,1
36308,5,3
36309,3,1
36310,36,23
36311,1,1
36312,1,1
36313,1,1
36314,1,1
36315,1,1
36316,1,1
36317,1,1
36318,3,3
36319,37,22
36320,53,29
36321,1,1
36322,1,1
36323,1,1
36324,1,1
36325,225,61
36326,5,2
36327,2,2
36328,2,2
36329,2,2
36330,1,1
36331,3,3
36332,1,1
36333,2,2
36334,2,2
36335,4,2
36336,3,2
36337,1,1
36338,1,1
36339,1,1
36340,1,1
36341,2,2
36342,10,9
36343,6,3
36344,1,1
36345,1,1
36346,8,3
36347,1,1
36348,1,1
36349,2,2
36350,2,2
36351,2,2
36352,1,1
36353,1,1
36354,1,1
36355,2,2
36356,1,1
36357,2,2
36358,1,1
36359,3,2
36360,1,1
36361,1,1
36362,1,1
36363,1,1
36364,5,3
36365,1,1
36366,1,1
36367,2,2
36368,1,1
36369,7,7
36370,1,1
36371,1,1
36372,2,2
36373,13,9
36374,1,1
36375,1,1
36376,1,1
36377,1,1
36378,1,1
36379,3,3
36380,1,1
36381,2,1
36382,8,6
36383,1,1
36384,10,6
36385,1,1
36386,2,1
36387,1,1
36388,1,1
36389,1,1
36390,2,1
36391,3,2
36392,2,2
36393,3,2
36394,1,1
36395,13,6
36396,1,1
36397,1,1
36398,1,1
36399,1,1
36400,2,1
36401,1,1
36402,1,1
36403,1,1
36404,3,2
36405,1,1
36406,14,8
36407,1,1
36408,1,1
36409,1,1
36410,1,1
36411,1,1
36412,1,1
36413,6,3
36414,1,1
36415,1,1
36416,1,1
36417,2,2
36418,1,1
36419,1,1
36420,1,1
36421,2,2
36422,203,51
36423,2,1
36424,1,1
36425,1,1
36426,1,1
36427,1,1
36428,4,3
36429,5,4
36430,1,1
36431,2,1
36432,2,2
36433,1,1
36434,16,11
36435,4,2
36436,1,1
36437,2,2
36438,1,1
36439,1,1
36440,1,1
36441,1,1
36442,2,1
36443,1,1
36444,2,2
36445,3,2
36446,1,1
36447,1,1
36448,1,1
36449,1,1
36450,1,1
36451,1,1
36452,1,1
36453,1,1
36454,1,1
36455,5,5
36456,1,1
36457,5,1
36458,1,1
36459,10,6
36460,1,1
36461,13,7
36462,1,1
36463,1,1
36464,1,1
36465,2,2
36466,1,1
36467,2,2
36468,2,1
36469,1,1
36470,1,1
36471,3,2
36472,1,1
36473,1,1
36474,3,1
36475,3,2
36476,1,1
36477,1,1
36478,2,1
36479,1,1
36480,2,1
36481,3,3
36482,2,2
36483,1,1
36484,130,39
36485,1,1
36486,6,6
36487,4,3
36488,1,1
36489,2,2
36490,1,1
36491,83,42
36492,3,3
36493,5,4
36494,1,1
36495,1,1
36496,1,1
36497,1,1
36498,1,1
36499,1,1
36500,1,1
36501,2,1
36502,1,1
36503,1,1
36504,7,4
36505,4,3
36506,1,1
36507,1,1
36508,1,1
36509,1,1
36510,1,1
36511,1,1
36512,1,1
36513,1,1
36514,1,1
36515,1,1
36516,1,1
36517,1,1
36518,2,1
36519,1,1
36520,1,1
36521,1,1
36522,1,1
36523,1,1
36524,1,1
36525,1,1
36526,1,1
36527,1,1
36528,4,4
36529,1,1
36530,2,2
36531,1,1
36532,1,1
36533,1,1
36534,1,1
36535,2,2
36536,1,1
36537,22,7
36538,2,2
36539,1,1
36540,1,1
36541,1,1
36542,1,1
36543,2,2
36544,1,1
36545,1,1
36546,1,1
36547,1,1
36548,1,1
36549,3,2
36550,4,2
36551,5,5
36552,2,1
36553,1,1
36554,1,1
36555,1,1
36556,3,2
36557,2,2
36558,1,1
36559,1,1
36560,2,2
36561,1,1
36562,3,2
36563,7,6
36564,1,1
36565,1,1
36566,1,1
36567,2,2
36568,1,1
36569,1,1
36570,1,1
36571,2,1
36572,2,2
36573,1,1
36574,1,1
36575,1,1
36576,1,1
36577,1,1
36578,1,1
36579,2,2
36580,2,2
36581,1,1
36582,1,1
36583,1,1
36584,1,1
36585,1,1
36586,1,1
36587,1,1
36588,1,1
36589,2,2
36590,1,1
36591,17,9
36592,2,2
36593,1,1
36594,7,5
36595,1,1
36596,1,1
36597,1,1
36598,3,2
36599,1,1
36600,1,1
36601,3,2
36602,2,1
36603,1,1
36604,11,5
36605,2,1
36606,2,2
36607,1,1
36608,2,1
36609,1,1
36610,1,1
36611,1,1
36612,2,2
36613,1,1
36614,2,2
36615,1,1
36616,1,1
36617,2,2
36618,4,3
36619,1,1
36620,1,1
36621,1,1
36622,1,1
36623,1,1
36624,3,2
36625,1,1
36626,1,1
36627,4,4
36628,2,1
36629,1,1
36630,1,1
36631,2,2
36632,1,1
36633,1,1
36634,1,1
36635,2,1
36636,3,3
36637,1,1
36638,10,4
36639,1,1
36640,1,1
36641,6,3
36642,1,1
36643,10,6
36644,1,1
36645,1,1
36646,2,2
36647,1,1
36648,1,1
36649,1,1
36650,1,1
36651,4,4
36652,300,71
36653,1,1
36654,1,1
36655,1,1
36656,5,2
36657,5,3
36658,1,1
36659,1,1
36660,1,1
36661,1,1
36662,1,1
36663,1,1
36664,1,1
36665,1,1
36666,2,2
36667,38,23
36668,1,1
36669,2,2
36670,1,1
36671,1,1
36672,4,4
36673,1,1
36674,1,1
36675,1,1
36676,1,1
36677,13,7
36678,7,5
36679,3,1
36680,1,1
36681,6,3
36682,1,1
36683,2,2
36684,1,1
36685,4,3
36686,2,2
36687,1,1
36688,4,3
36689,1,1
36690,1,1
36691,1,1
36692,1,1
36693,3,2
36694,1,1
36695,5,3
36696,1,1
36697,1,1
36698,1,1
36699,4,3
36700,10,6
36701,1,1
36702,1,1
36703,5,3
36704,1,1
36705,1,1
36706,1,1
36707,2,1
36708,9,9
36709,1,1
36710,53,32
36711,1,1
36712,68,29
36713,36,22
36714,7,7
36715,1,1
36716,1,1
36717,1,1
36718,1,1
36719,2,2
36720,1,1
36721,3,2
36722,1,1
36723,1,1
36724,4,3
36725,1,1
36726,1,1
36727,1,1
36728,1,1
36729,1,1
36730,4,3
36731,2,2
36732,1,1
36733,2,2
36734,1,1
36735,3,3
36736,2,2
36737,1,1
36738,1,1
36739,3,3
36740,1,1
36741,1,1
36742,1,1
36743,1,1
36744,1,1
36745,3,3
36746,1,1
36747,5,3
36748,1,1
36749,2,2
36750,1,1
36751,2,2
36752,1,1
36753,1,1
36754,1,1
36755,2,1
36756,1,1
36757,1,1
36758,1,1
36759,14,14
36760,1,1
36761,1,1
36762,1,1
36763,1,1
36764,3,2
36765,3,3
36766,1,1
36767,1,1
36768,8,3
36769,1,1
36770,6,4
36771,119,48
36772,1,1
36773,1,1
36774,1,1
36775,1,1
36776,1,1
36777,1,1
36778,3,3
36779,3,2
36780,3,2
36781,2,1
36782,2,1
36783,1,1
36784,1,1
36785,1,1
36786,1,1
36787,1,1
36788,2,2
36789,4,4
36790,2,2
36791,1,1
36792,1,1
36793,1,1
36794,2,1
36795,2,2
36796,3,2
36797,6,3
36798,5,4
36799,1,1
36800,1,1
36801,6,4
36802,1,1
36803,4,3
36804,1,1
36805,6,3
36806,1,1
36807,1,1
36808,1,1
36809,2,1
36810,1,1
36811,1,1
36812,1,1
36813,1,1
36814,3,3
36815,1,1
36816,1,1
36817,5,4
36818,2,1
36819,1,1
36820,4,4
36821,3,3
36822,1,1
36823,1,1
36824,1,1
36825,1,1
36826,3,3
36827,3,3
36828,1,1
36829,1,1
36830,1,1
36831,5,5
36832,4,3
36833,1,1
36834,1,1
36835,1,1
36836,1,1
36837,1,1
36838,1,1
36839,2,1
36840,1,1
36841,1,1
36842,1,1
36843,1,1
36844,1,1
36845,1,1
36846,4,3
36847,1,1
36848,88,32
36849,1,1
36850,1,1
36851,1,1
36852,1,1
36853,1,1
36854,1,1
36855,1,1
36856,1,1
36857,2,2
36858,1,1
36859,1,1
36860,38,24
36861,6,4
36862,1,1
36863,1,1
36864,3,3
36865,1,1
36866,1,1
36867,1,1
36868,1,1
36869,1,1
36870,1,1
36871,1,1
36872,2,2
36873,3,3
36874,1,1
36875,1,1
36876,1,1
36877,9,8
36878,12,8
36879,1,1
36880,1,1
36881,78,72
36882,1,1
36883,1,1
36884,1,1
36885,3,3
36886,4,3
36887,2,2
36888,1,1
36889,3,3
36890,2,2
36891,2,2
36892,1,1
36893,1,1
36894,3,2
36895,1,1
36896,2,2
36897,2,2
36898,1,1
36899,1,1
36900,1,1
36901,3,2
36902,1,1
36903,5,4
36904,3,2
36905,1,1
36906,2,2
36907,1,1
36908,2,2
36909,18,8
36910,1,1
36911,2,2
36912,2,2
36913,1,1
36914,11,7
36915,1,1
36916,1,1
36917,1,1
36918,1,1
36919,1,1
36920,1,1
36921,59,30
36922,10,10
36923,1,1
36924,1,1
36925,4,4
36926,1,1
36927,1,1
36928,1,1
36929,1,1
36930,3,2
36931,1,1
36932,1,1
36933,1,1
36934,7,3
36935,1,1
36936,2,2
36937,37,24
36938,5,3
36939,1,1
36940,8,3
36941,1,1
36942,1,1
36943,1,1
36944,1,1
36945,1,1
36946,1,1
36947,1,1
36948,1,1
36949,2,1
36950,4,3
36951,4,3
36952,1,1
36953,4,4
36954,2,2
36955,4,2
36956,2,2
36957,2,2
36958,2,2
36959,3,2
36960,3,3
36961,2,2
36962,3,3
36963,4,2
36964,1,1
36965,1,1
36966,2,2
36967,2,1
36968,1,1
36969,130,33
36970,1,1
36971,2,2
36972,2,2
36973,4,3
36974,3,2
36975,2,2
36976,2,2
36977,1,1
36978,1,1
36979,3,3
36980,1,1
36981,5,4
36982,1,1
36983,1,1
36984,8,5
36985,3,3
36986,1,1
36987,1,1
36988,1,1
36989,1,1
36990,4,3
36991,7,4
36992,2,2
36993,20,9
36994,1,1
36995,2,2
36996,7,4
36997,1,1
36998,2,2
36999,4,3
37000,1,1
37001,1,1
37002,5,2
37003,2,2
37004,2,2
37005,1,1
37006,3,3
37007,10,3
37008,2,2
37009,1,1
37010,1,1
37011,1,1
37012,3,3
37013,2,2
37014,2,2
37015,1,1
37016,2,2
37017,1,1
37018,8,7
37019,3,3
37020,2,2
37021,1,1
37022,1,1
37023,1,1
37024,1,1
37025,2,2
37026,1,1
37027,1,1
37028,1,1
37029,2,2
37030,2,2
37031,1,1
37032,5,5
37033,1,1
37034,17,7
37035,2,2
37036,2,2
37037,2,2
37038,1,1
37039,2,2
37040,3,3
37041,2,2
37042,1,1
37043,5,4
37044,1,1
37045,5,5
37046,1,1
37047,1,1
37048,2,2
37049,5,3
37050,2,1
37051,1,1
37052,1,1
37053,58,21
37054,1,1
37055,2,2
37056,1,1
37057,1,1
37058,1,1
37059,8,4
37060,2,2
37061,2,2
37062,3,2
37063,5,3
37064,2,2
37065,2,2
37066,1,1
37067,4,3
37068,1,1
37069,1,1
37070,1,1
37071,1,1
37072,2,2
37073,1,1
37074,1,1
37075,1,1
37076,2,2
37077,2,2
37078,1,1
37079,1,1
37080,1,1
37081,6,4
37082,1,1
37083,1,1
37084,3,2
37085,2,2
37086,1,1
37087,2,2
37088,13,7
37089,4,4
37090,3,2
37091,8,2
37092,3,2
37093,2,2
37094,5,4
37095,1,1
37096,2,1
37097,4,3
37098,1,1
37099,1,1
37100,2,2
37101,2,2
37102,2,2
37103,1,1
37104,72,22
37105,1,1
37106,3,2
37107,3,2
37108,3,3
37109,1,1
37110,1,1
37111,2,2
37112,12,6
37113,3,2
37114,13,10
37115,1,1
37116,1,1
37117,1,1
37118,1,1
37119,2,2
37120,1,1
37121,2,2
37122,1,1
37123,1,1
37124,1,1
37125,14,7
37126,1,1
37127,1,1
37128,1,1
37129,1,1
37130,1,1
37131,1,1
37132,1,1
37133,1,1
37134,1,1
37135,1,1
37136,1,1
37137,1,1
37138,49,38
37139,1,1
37140,1,1
37141,10,5
37142,2,2
37143,1,1
37144,2,2
37145,1,1
37146,5,3
37147,1,1
37148,1,1
37149,22,14
37150,78,27
37151,1,1
37152,23,13
37153,1,1
37154,2,1
37155,1,1
37156,1,1
37157,3,2
37158,3,3
37159,2,2
37160,3,2
37161,1,1
37162,1,1
37163,1,1
37164,1,1
37165,6,4
37166,1,1
37167,1,1
37168,1,1
37169,2,2
37170,17,13
37171,1,1
37172,1,1
37173,1,1
37174,2,2
37175,1,1
37176,9,6
37177,1,1
37178,1,1
37179,1,1
37180,3,2
37181,1,1
37182,1,1
37183,1,1
37184,10,5
37185,1,1
37186,1,1
37187,1,1
37188,1,1
37189,1,1
37190,1,1
37191,1,1
37192,1,1
37193,1,1
37194,3,2
37195,16,9
37196,3,2
37197,1,1
37198,1,1
37199,11,6
37200,1,1
37201,1,1
37202,32,18
37203,1,1
37204,1,1
37205,1,1
37206,2,2
37207,1,1
37208,2,2
37209,1,1
37210,2,2
37211,1,1
37212,1,1
37213,1,1
37214,1,1
37215,1,1
37216,1,1
37217,1,1
37218,2,2
37219,1,1
37220,1,1
37221,1,1
37222,3,2
37223,1,1
37224,9,6
37225,1,1
37226,1,1
37227,2,2
37228,1,1
37229,1,1
37230,1,1
37231,1,1
37232,1,1
37233,2,2
37234,2,2
37235,1,1
37236,3,3
37237,1,1
37238,1,1
37239,1,1
37240,78,27
37241,6,4
37242,1,1
37243,1,1
37244,1,1
37245,1,1
37246,4,2
37247,2,2
37248,1,1
37249,1,1
37250,2,2
37251,1,1
37252,1,1
37253,2,1
37254,1,1
37255,1,1
37256,1,1
37257,1,1
37258,1,1
37259,1,1
37260,1,1
37261,1,1
37262,1,1
37263,17,17
37264,52,52
37265,2,2
37266,1,1
37267,7,4
37268,1,1
37269,1,1
37270,1,1
37271,1,1
37272,1,1
37273,1,1
37274,12,6
37275,1,1
37276,1,1
37277,4,3
37278,1,1
37279,52,31
37280,3,2
37281,9,7
37282,2,1
37283,1,1
37284,1,1
37285,1,1
37286,1,1
37287,1,1
37288,1,1
37289,1,1
37290,1,1
37291,1,1
37292,11,7
37293,1,1
37294,5,5
37295,4,3
37296,7,4
37297,1,1
37298,1,1
37299,2,2
37300,1,1
37301,1,1
37302,1,1
37303,1,1
37304,1,1
37305,1,1
37306,1,1
37307,1,1
37308,1,1
37309,2,2
37310,1,1
37311,1,1
37312,2,2
37313,13,7
37314,1,1
37315,2,2
37316,1,1
37317,9,6
37318,36,14
37319,20,12
37320,2,1
37321,1,1
37322,1,1
37323,1,1
37324,8,5
37325,41,25
37326,4,3
37327,34,21
37328,1,1
37329,1,1
37330,1,1
37331,1,1
37332,72,29
37333,3,3
37334,1,1
37335,1,1
37336,5,3
37337,6,6
37338,1,1
37339,1,1
37340,1,1
37341,1,1
37342,1,1
37343,1,1
37344,1,1
37345,2,1
37346,1,1
37347,1,1
37348,1,1
37349,6,6
37350,2,2
37351,1,1
37352,2,2
37353,2,2
37354,1,1
37355,1,1
37356,1,1
37357,1,1
37358,1,1
37359,1,1
37360,2,2
37361,1,1
37362,1,1
37363,1,1
37364,1,1
37365,1,1
37366,1,1
37367,8,5
37368,1,1
37369,1,1
37370,3,3
37371,8,7
37372,1,1
37373,1,1
37374,1,1
37375,1,1
37376,2,2
37377,1,1
37378,10,8
37379,1,1
37380,1,1
37381,1,1
37382,1,1
37383,7,6
37384,1,1
37385,2,1
37386,2,2
37387,1,1
37388,1,1
37389,3,1
37390,4,3
37391,1,1
37392,1,1
37393,9,9
37394,1,1
37395,1,1
37396,2,2
37397,1,1
37398,1,1
37399,1,1
37400,1,1
37401,27,17
37402,8,7
37403,4,4
37404,1,1
37405,1,1
37406,1,1
37407,2,2
37408,1,1
37409,16,9
37410,1,1
37411,2,2
37412,1,1
37413,2,2
37414,18,10
37415,1,1
37416,1,1
37417,41,26
37418,6,5
37419,2,2
37420,1,1
37421,1,1
37422,1,1
37423,1,1
37424,7,3
37425,6,3
37426,2,2
37427,1,1
37428,3,2
37429,1,1
37430,1,1
37431,1,1
37432,1,1
37433,1,1
37434,2,2
37435,1,1
37436,6,4
37437,3,1
37438,3,3
37439,83,37
37440,24,22
37441,2,2
37442,1,1
37443,1,1
37444,1,1
37445,2,1
37446,1,1
37447,1,1
37448,8,6
37449,1,1
37450,1,1
37451,1,1
37452,2,2
37453,3,2
37454,3,3
37455,1,1
37456,6,3
37457,1,1
37458,4,3
37459,1,1
37460,3,3
37461,1,1
37462,1,1
37463,2,1
37464,77,29
37465,1,1
37466,1,1
37467,2,2
37468,102,36
37469,1,1
37470,1,1
37471,1,1
37472,5,4
37473,1,1
37474,1,1
37475,2,2
37476,2,2
37477,14,12
37478,3,3
37479,3,2
37480,11,7
37481,1,1
37482,7,3
37483,1,1
37484,1,1
37485,1,1
37486,6,4
37487,76,35
37488,1,1
37489,41,25
37490,1,1
37491,1,1
37492,1,1
37493,1,1
37494,1,1
37495,3,3
37496,1,1
37497,2,2
37498,6,4
37499,1,1
37500,3,3
37501,1,1
37502,2,2
37503,3,3
37504,1,1
37505,2,2
37506,28,25
37507,2,2
37508,97,28
37509,7,4
37510,34,18
37511,2,2
37512,1,1
37513,8,5
37514,1,1
37515,2,1
37516,1,1
37517,1,1
37518,4,3
37519,1,1
37520,3,3
37521,1,1
37522,4,3
37523,10,4
37524,1,1
37525,4,3
37526,14,10
37527,7,4
37528,1,1
37529,2,2
37530,1,1
37531,1,1
37532,1,1
37533,1,1
37534,1,1
37535,1,1
37536,5,4
37537,1,1
37538,1,1
37539,1,1
37540,1,1
37541,1,1
37542,1,1
37543,4,3
37544,1,1
37545,1,1
37546,1,1
37547,2,2
37548,1,1
37549,3,1
37550,1,1
37551,1,1
37552,1,1
37553,1,1
37554,1,1
37555,1,1
37556,1,1
37557,1,1
37558,1,1
37559,1,1
37560,1,1
37561,1,1
37562,1,1
37563,1,1
37564,5,3
37565,1,1
37566,1,1
37567,4,2
37568,1,1
37569,1,1
37570,1,1
37571,1,1
37572,5,4
37573,1,1
37574,5,4
37575,4,3
37576,26,9
37577,1,1
37578,2,1
37579,9,8
37580,1,1
37581,2,2
37582,1,1
37583,64,29
37584,5,5
37585,1,1
37586,2,2
37587,15,7
37588,1,1
37589,1,1
37590,1,1
37591,1,1
37592,2,1
37593,1,1
37594,1,1
37595,1,1
37596,1,1
37597,1,1
37598,1,1
37599,1,1
37600,1,1
37601,1,1
37602,1,1
37603,1,1
37604,1,1
37605,1,1
37606,1,1
37607,7,5
37608,3,2
37609,1,1
37610,1,1
37611,2,2
37612,1,1
37613,3,3
37614,2,2
37615,1,1
37616,1,1
37617,1,1
37618,5,3
37619,1,1
37620,1,1
37621,1,1
37622,1,1
37623,4,2
37624,2,1
37625,1,1
37626,4,3
37627,1,1
37628,3,2
37629,1,1
37630,1,1
37631,1,1
37632,1,1
37633,2,1
37634,1,1
37635,11,5
37636,1,1
37637,1,1
37638,3,2
37639,1,1
37640,1,1
37641,1,1
37642,1,1
37643,1,1
37644,1,1
37645,1,1
37646,1,1
37647,4,3
37648,1,1
37649,1,1
37650,1,1
37651,1,1
37652,1,1
37653,1,1
37654,3,2
37655,1,1
37656,2,1
37657,2,2
37658,1,1
37659,1,1
37660,1,1
37661,1,1
37662,1,1
37663,44,22
37664,2,2
37665,1,1
37666,1,1
37667,1,1
37668,1,1
37669,1,1
37670,1,1
37671,1,1
37672,1,1
37673,2,1
37674,1,1
37675,1,1
37676,1,1
37677,11,7
37678,2,2
37679,7,4
37680,1,1
37681,1,1
37682,3,3
37683,13,11
37684,6,6
37685,1,1
37686,3,3
37687,1,1
37688,1,1
37689,1,1
37690,16,12
37691,1,1
37692,2,2
37693,1,1
37694,63,35
37695,2,1
37696,1,1
37697,1,1
37698,1,1
37699,1,1
37700,1,1
37701,1,1
37702,1,1
37703,1,1
37704,3,2
37705,1,1
37706,1,1
37707,2,2
37708,1,1
37709,82,39
37710,3,2
37711,11,5
37712,1,1
37713,1,1
37714,1,1
37715,1,1
37716,6,4
37717,1,1
37718,17,17
37719,1,1
37720,1,1
37721,48,17
37722,5,4
37723,9,9
37724,1,1
37725,1,1
37726,18,12
37727,1,1
37728,5,3
37729,2,2
37730,1,1
37731,1,1
37732,2,2
37733,4,4
37734,1,1
37735,36,14
37736,1,1
37737,23,12
37738,1,1
37739,1,1
37740,1,1
37741,1,1
37742,2,1
37743,1,1
37744,1,1
37745,1,1
37746,1,1
37747,1,1
37748,1,1
37749,4,3
37750,1,1
37751,1,1
37752,1,1
37753,1,1
37754,1,1
37755,1,1
37756,1,1
37757,1,1
37758,4,4
37759,1,1
37760,1,1
37761,2,1
37762,1,1
37763,1,1
37764,1,1
37765,2,1
37766,1,1
37767,1,1
37768,16,13
37769,1,1
37770,1,1
37771,1,1
37772,1,1
37773,1,1
37774,3,2
37775,1,1
37776,1,1
37777,1,1
37778,5,4
37779,17,10
37780,1,1
37781,1,1
37782,60,19
37783,1,1
37784,1,1
37785,1,1
37786,1,1
37787,1,1
37788,1,1
37789,3,2
37790,2,2
37791,29,11
37792,4,3
37793,1,1
37794,1,1
37795,33,19
37796,2,2
37797,2,2
37798,2,2
37799,3,2
37800,6,2
37801,1,1
37802,9,5
37803,1,1
37804,2,2
37805,16,12
37806,2,2
37807,1,1
37808,3,2
37809,6,3
37810,1,1
37811,1,1
37812,1,1
37813,1,1
37814,3,2
37815,3,2
37816,1,1
37817,6,5
37818,1,1
37819,3,3
37820,1,1
37821,1,1
37822,1,1
37823,1,1
37824,1,1
37825,2,2
37826,4,4
37827,1,1
37828,1,1
37829,1,1
37830,1,1
37831,3,3
37832,1,1
37833,5,4
37834,2,2
37835,11,11
37836,2,2
37837,5,4
37838,1,1
37839,1,1
37840,1,1
37841,1,1
37842,1,1
37843,5,2
37844,1,1
37845,12,6
37846,1,1
37847,3,2
37848,6,4
37849,1,1
37850,2,2
37851,4,3
37852,2,2
37853,1,1
37854,1,1
37855,1,1
37856,2,1
37857,1,1
37858,2,2
37859,1,1
37860,1,1
37861,2,2
37862,1,1
37863,1,1
37864,1,1
37865,2,2
37866,2,1
37867,1,1
37868,2,2
37869,1,1
37870,11,6
37871,2,2
37872,2,2
37873,1,1
37874,1,1
37875,1,1
37876,1,1
37877,2,2
37878,1,1
37879,16,11
37880,1,1
37881,1,1
37882,1,1
37883,1,1
37884,3,2
37885,6,6
37886,1,1
37887,152,32
37888,76,20
37889,1,1
37890,1,1
37891,1,1
37892,75,28
37893,1,1
37894,2,1
37895,1,1
37896,1,1
37897,5,3
37898,2,2
37899,1,1
37900,2,2
37901,1,1
37902,6,6
37903,3,3
37904,3,2
37905,1,1
37906,2,2
37907,5,5
37908,11,11
37909,1,1
37910,2,2
37911,1,1
37912,25,20
37913,1,1
37914,2,2
37915,1,1
37916,5,3
37917,1,1
37918,1,1
37919,18,12
37920,37,18
37921,1,1
37922,4,2
37923,1,1
37924,2,2
37925,1,1
37926,3,3
37927,1,1
37928,1,1
37929,1,1
37930,3,3
37931,46,14
37932,2,2
37933,8,6
37934,1,1
37935,2,1
37936,1,1
37937,3,2
37938,1,1
37939,19,19
37940,57,33
37941,2,2
37942,1,1
37943,2,2
37944,1,1
37945,1,1
37946,2,2
37947,1,1
37948,1,1
37949,4,3
37950,1,1
37951,6,5
37952,3,2
37953,14,8
37954,3,3
37955,2,2
37956,5,3
37957,1,1
37958,2,2
37959,1,1
37960,1,1
37961,2,1
37962,1,1
37963,4,3
37964,2,2
37965,1,1
37966,1,1
37967,1,1
37968,1,1
37969,2,2
37970,1,1
37971,1,1
37972,1,1
37973,1,1
37974,1,1
37975,1,1
37976,1,1
37977,2,2
37978,1,1
37979,55,19
37980,33,17
37981,27,9
37982,1,1
37983,1,1
37984,3,3
37985,1,1
37986,4,4
37987,1,1
37988,1,1
37989,1,1
37990,1,1
37991,1,1
37992,2,2
37993,1,1
37994,1,1
37995,1,1
37996,1,1
37997,1,1
37998,1,1
37999,1,1
38000,2,2
38001,1,1
38002,1,1
38003,1,1
38004,1,1
38005,2,2
38006,1,1
38007,1,1
38008,2,2
38009,1,1
38010,1,1
38011,1,1
38012,3,2
38013,43,16
38014,1,1
38015,1,1
38016,1,1
38017,2,2
38018,1,1
38019,1,1
38020,3,2
38021,1,1
38022,1,1
38023,1,1
38024,1,1
38025,2,2
38026,2,2
38027,3,2
38028,5,3
38029,1,1
38030,1,1
38031,2,2
38032,3,3
38033,2,2
38034,1,1
38035,2,1
38036,1,1
38037,1,1
38038,13,10
38039,1,1
38040,1,1
38041,1,1
38042,1,1
38043,1,1
38044,3,3
38045,1,1
38046,3,3
38047,3,2
38048,4,4
38049,1,1
38050,1,1
38051,1,1
38052,1,1
38053,1,1
38054,1,1
38055,1,1
38056,26,16
38057,1,1
38058,49,16
38059,1,1
38060,1,1
38061,1,1
38062,1,1
38063,1,1
38064,1,1
38065,1,1
38066,1,1
38067,1,1
38068,1,1
38069,1,1
38070,1,1
38071,1,1
38072,3,3
38073,1,1
38074,7,5
38075,2,2
38076,1,1
38077,1,1
38078,1,1
38079,5,3
38080,1,1
38081,1,1
38082,1,1
38083,1,1
38084,34,16
38085,2,2
38086,1,1
38087,1,1
38088,1,1
38089,1,1
38090,1,1
38091,1,1
38092,1,1
38093,1,1
38094,3,2
38095,1,1
38096,7,5
38097,1,1
38098,1,1
38099,1,1
38100,1,1
38101,1,1
38102,1,1
38103,1,1
38104,6,6
38105,9,9
38106,2,1
38107,11,11
38108,1,1
38109,1,1
38110,1,1
38111,1,1
38112,2,2
38113,61,25
38114,4,3
38115,27,16
38116,5,4
38117,1,1
38118,3,2
38119,2,2
38120,1,1
38121,24,12
38122,2,1
38123,2,2
38124,43,15
38125,2,1
38126,3,2
38127,1,1
38128,1,1
38129,1,1
38130,1,1
38131,1,1
38132,1,1
38133,1,1
38134,1,1
38135,1,1
38136,2,2
38137,1,1
38138,1,1
38139,1,1
38140,3,3
38141,4,3
38142,5,4
38143,1,1
38144,2,2
38145,3,2
38146,6,6
38147,27,15
38148,63,24
38149,1,1
38150,1,1
38151,2,2
38152,4,4
38153,1,1
38154,1,1
38155,8,5
38156,4,3
38157,1,1
38158,1,1
38159,4,3
38160,4,4
38161,1,1
38162,3,2
38163,2,2
38164,2,1
38165,1,1
38166,1,1
38167,1,1
38168,1,1
38169,8,3
38170,1,1
38171,2,1
38172,2,2
38173,1,1
38174,5,3
38175,3,2
38176,9,4
38177,13,11
38178,1,1
38179,1,1
38180,3,3
38181,1,1
38182,1,1
38183,34,16
38184,7,5
38185,1,1
38186,1,1
38187,1,1
38188,13,9
38189,1,1
38190,1,1
38191,2,2
38192,1,1
38193,6,5
38194,1,1
38195,1,1
38196,12,5
38197,2,2
38198,49,16
38199,1,1
38200,1,1
38201,1,1
38202,2,2
38203,1,1
38204,1,1
38205,16,10
38206,1,1
38207,2,2
38208,1,1
38209,3,3
38210,1,1
38211,2,2
38212,4,4
38213,1,1
38214,2,2
38215,1,1
38216,2,2
38217,1,1
38218,1,1
38219,4,4
38220,3,2
38221,4,3
38222,1,1
38223,4,4
38224,1,1
38225,3,2
38226,1,1
38227,1,1
38228,1,1
38229,1,1
38230,1,1
38231,1,1
38232,7,4
38233,3,2
38234,5,3
38235,2,2
38236,18,15
38237,1,1
38238,15,8
38239,1,1
38240,18,18
38241,2,2
38242,64,19
38243,1,1
38244,1,1
38245,1,1
38246,2,2
38247,1,1
38248,5,4
38249,1,1
38250,4,3
38251,1,1
38252,3,3
38253,1,1
38254,3,3
38255,1,1
38256,1,1
38257,1,1
38258,1,1
38259,1,1
38260,1,1
38261,5,5
38262,1,1
38263,1,1
38264,1,1
38265,8,8
38266,1,1
38267,30,9
38268,2,1
38269,1,1
38270,1,1
38271,1,1
38272,1,1
38273,2,2
38274,1,1
38275,1,1
38276,1,1
38277,1,1
38278,112,31
38279,2,2
38280,1,1
38281,1,1
38282,1,1
38283,1,1
38284,1,1
38285,6,4
38286,1,1
38287,1,1
38288,1,1
38289,12,7
38290,1,1
38291,1,1
38292,1,1
38293,2,2
38294,1,1
38295,3,3
38296,6,4
38297,1,1
38298,2,2
38299,1,1
38300,5,3
38301,2,1
38302,1,1
38303,1,1
38304,1,1
38305,4,2
38306,1,1
38307,1,1
38308,3,2
38309,1,1
38310,1,1
38311,1,1
38312,1,1
38313,1,1
38314,3,2
38315,1,1
38316,2,2
38317,1,1
38318,1,1
38319,1,1
38320,2,2
38321,2,2
38322,1,1
38323,1,1
38324,1,1
38325,1,1
38326,1,1
38327,1,1
38328,1,1
38329,1,1
38330,13,11
38331,1,1
38332,1,1
38333,1,1
38334,1,1
38335,1,1
38336,1,1
38337,1,1
38338,1,1
38339,243,57
38340,1,1
38341,1,1
38342,3,1
38343,1,1
38344,2,2
38345,31,21
38346,1,1
38347,2,2
38348,3,1
38349,2,2
38350,1,1
38351,1,1
38352,1,1
38353,1,1
38354,1,1
38355,3,3
38356,1,1
38357,1,1
38358,1,1
38359,1,1
38360,18,9
38361,1,1
38362,28,15
38363,24,24
38364,1,1
38365,1,1
38366,1,1
38367,4,2
38368,1,1
38369,16,10
38370,2,2
38371,21,14
38372,1,1
38373,11,7
38374,2,2
38375,3,2
38376,31,16
38377,1,1
38378,3,2
38379,12,11
38380,1,1
38381,2,2
38382,1,1
38383,1,1
38384,1,1
38385,4,3
38386,1,1
38387,1,1
38388,1,1
38389,1,1
38390,1,1
38391,1,1
38392,1,1
38393,1,1
38394,3,2
38395,4,4
38396,1,1
38397,1,1
38398,1,1
38399,1,1
38400,1,1
38401,1,1
38402,1,1
38403,1,1
38404,1,1
38405,1,1
38406,1,1
38407,10,6
38408,1,1
38409,1,1
38410,1,1
38411,1,1
38412,1,1
38413,1,1
38414,1,1
38415,2,1
38416,1,1
38417,2,2
38418,1,1
38419,1,1
38420,1,1
38421,1,1
38422,4,2
38423,1,1
38424,1,1
38425,1,1
38426,1,1
38427,1,1
38428,1,1
38429,1,1
38430,1,1
38431,3,2
38432,1,1
38433,2,1
38434,1,1
38435,1,1
38436,7,3
38437,1,1
38438,1,1
38439,2,1
38440,3,2
38441,2,2
38442,3,2
38443,2,2
38444,1,1
38445,1,1
38446,1,1
38447,2,2
38448,1,1
38449,1,1
38450,2,2
38451,1,1
38452,1,1
38453,1,1
38454,1,1
38455,1,1
38456,9,7
38457,1,1
38458,1,1
38459,25,13
38460,13,10
38461,1,1
38462,1,1
38463,1,1
38464,1,1
38465,1,1
38466,1,1
38467,1,1
38468,2,1
38469,1,1
38470,1,1
38471,1,1
38472,1,1
38473,1,1
38474,1,1
38475,1,1
38476,1,1
38477,1,1
38478,1,1
38479,1,1
38480,1,1
38481,3,2
38482,6,5
38483,1,1
38484,1,1
38485,1,1
38486,1,1
38487,1,1
38488,2,1
38489,12,11
38490,1,1
38491,2,1
38492,1,1
38493,38,16
38494,4,3
38495,14,9
38496,2,1
38497,1,1
38498,2,2
38499,1,1
38500,2,1
38501,1,1
38502,4,3
38503,2,1
38504,12,3
38505,1,1
38506,2,1
38507,1,1
38508,1,1
38509,1,1
38510,1,1
38511,1,1
38512,3,2
38513,3,2
38514,2,1
38515,1,1
38516,1,1
38517,14,9
38518,1,1
38519,5,4
38520,11,7
38521,5,4
38522,1,1
38523,2,2
38524,1,1
38525,18,11
38526,4,4
38527,1,1
38528,43,26
38529,1,1
38530,8,6
38531,7,5
38532,2,2
38533,2,2
38534,1,1
38535,1,1
38536,58,25
38537,1,1
38538,1,1
38539,1,1
38540,34,20
38541,27,14
38542,2,2
38543,27,8
38544,1,1
38545,5,5
38546,3,1
38547,1,1
38548,4,4
38549,8,5
38550,1,1
38551,1,1
38552,1,1
38553,4,3
38554,3,3
38555,9,9
38556,1,1
38557,1,1
38558,18,10
38559,1,1
38560,1,1
38561,17,8
38562,7,4
38563,1,1
38564,10,10
38565,8,6
38566,1,1
38567,1,1
38568,3,2
38569,1,1
38570,1,1
38571,1,1
38572,1,1
38573,1,1
38574,13,10
38575,1,1
38576,3,2
38577,1,1
38578,3,3
38579,1,1
38580,1,1
38581,1,1
38582,1,1
38583,1,1
38584,1,1
38585,2,2
38586,1,1
38587,1,1
38588,1,1
38589,1,1
38590,1,1
38591,1,1
38592,1,1
38593,1,1
38594,1,1
38595,1,1
38596,1,1
38597,4,4
38598,1,1
38599,1,1
38600,1,1
38601,1,1
38602,1,1
38603,7,6
38604,1,1
38605,1,1
38606,1,1
38607,5,3
38608,1,1
38609,2,2
38610,1,1
38611,1,1
38612,1,1
38613,1,1
38614,1,1
38615,2,1
38616,2,2
38617,18,12
38618,2,1
38619,3,2
38620,26,10
38621,1,1
38622,3,3
38623,1,1
38624,10,7
38625,1,1
38626,2,2
38627,10,5
38628,3,2
38629,120,43
38630,1,1
38631,22,21
38632,6,4
38633,2,1
38634,5,4
38635,1,1
38636,1,1
38637,1,1
38638,1,1
38639,1,1
38640,3,3
38641,3,3
38642,1,1
38643,1,1
38644,1,1
38645,1,1
38646,10,7
38647,1,1
38648,1,1
38649,1,1
38650,1,1
38651,3,1
38652,1,1
38653,2,2
38654,11,7
38655,1,1
38656,2,1
38657,1,1
38658,5,4
38659,1,1
38660,2,2
38661,1,1
38662,1,1
38663,1,1
38664,1,1
38665,1,1
38666,2,2
38667,1,1
38668,1,1
38669,1,1
38670,2,2
38671,13,5
38672,1,1
38673,3,2
38674,1,1
38675,23,23
38676,1,1
38677,1,1
38678,1,1
38679,3,3
38680,6,4
38681,1,1
38682,1,1
38683,1,1
38684,1,1
38685,1,1
38686,1,1
38687,1,1
38688,1,1
38689,2,2
38690,1,1
38691,1,1
38692,26,14
38693,1,1
38694,1,1
38695,1,1
38696,2,2
38697,5,4
38698,6,6
38699,1,1
38700,1,1
38701,1,1
38702,1,1
38703,2,2
38704,1,1
38705,1,1
38706,9,6
38707,2,2
38708,1,1
38709,1,1
38710,1,1
38711,1,1
38712,4,3
38713,3,3
38714,1,1
38715,1,1
38716,2,1
38717,1,1
38718,1,1
38719,1,1
38720,6,4
38721,1,1
38722,4,2
38723,3,3
38724,1,1
38725,1,1
38726,20,12
38727,1,1
38728,3,3
38729,1,1
38730,1,1
38731,1,1
38732,6,4
38733,1,1
38734,8,6
38735,1,1
38736,1,1
38737,2,1
38738,1,1
38739,5,4
38740,4,4
38741,3,2
38742,1,1
38743,1,1
38744,4,3
38745,1,1
38746,18,15
38747,8,5
38748,3,3
38749,2,1
38750,1,1
38751,1,1
38752,2,1
38753,18,8
38754,2,2
38755,5,2
38756,1,1
38757,22,22
38758,15,11
38759,2,2
38760,2,2
38761,2,1
38762,1,1
38763,27,17
38764,1,1
38765,18,12
38766,2,2
38767,3,3
38768,9,7
38769,63,17
38770,16,7
38771,4,3
38772,3,2
38773,1,1
38774,4,3
38775,1,1
38776,1,1
38777,3,2
38778,16,7
38779,1,1
38780,1,1
38781,2,2
38782,1,1
38783,1,1
38784,7,7
38785,2,1
38786,3,3
38787,4,4
38788,1,1
38789,1,1
38790,2,2
38791,1,1
38792,1,1
38793,1,1
38794,2,2
38795,1,1
38796,11,9
38797,2,1
38798,11,9
38799,6,5
38800,1,1
38801,1,1
38802,1,1
38803,2,2
38804,1,1
38805,3,2
38806,1,1
38807,1,1
38808,1,1
38809,1,1
38810,4,3
38811,2,2
38812,1,1
38813,4,3
38814,2,2
38815,2,2
38816,3,2
38817,4,3
38818,1,1
38819,3,2
38820,1,1
38821,10,6
38822,6,6
38823,1,1
38824,1,1
38825,1,1
38826,1,1
38827,8,7
38828,1,1
38829,1,1
38830,1,1
38831,4,3
38832,2,1
38833,5,4
38834,1,1
38835,1,1
38836,1,1
38837,1,1
38838,1,1
38839,7,6
38840,4,4
38841,4,3
38842,2,2
38843,1,1
38844,1,1
38845,4,3
38846,33,13
38847,3,3
38848,1,1
38849,3,2
38850,1,1
38851,11,11
38852,1,1
38853,3,2
38854,1,1
38855,1,1
38856,1,1
38857,1,1
38858,3,2
38859,1,1
38860,1,1
38861,1,1
38862,1,1
38863,1,1
38864,1,1
38865,4,4
38866,14,10
38867,5,3
38868,2,2
38869,18,12
38870,1,1
38871,2,2
38872,1,1
38873,1,1
38874,2,2
38875,1,1
38876,1,1
38877,1,1
38878,10,6
38879,6,4
38880,1,1
38881,13,9
38882,1,1
38883,1,1
38884,1,1
38885,1,1
38886,1,1
38887,1,1
38888,1,1
38889,2,2
38890,1,1
38891,1,1
38892,2,2
38893,1,1
38894,1,1
38895,7,5
38896,4,3
38897,1,1
38898,1,1
38899,1,1
38900,8,8
38901,18,9
38902,4,4
38903,1,1
38904,1,1
38905,1,1
38906,1,1
38907,2,2
38908,1,1
38909,8,8
38910,1,1
38911,1,1
38912,1,1
38913,1,1
38914,1,1
38915,4,4
38916,1,1
38917,3,3
38918,1,1
38919,3,2
38920,3,2
38921,1,1
38922,1,1
38923,1,1
38924,1,1
38925,1,1
38926,1,1
38927,3,2
38928,1,1
38929,27,12
38930,1,1
38931,1,1
38932,1,1
38933,2,2
38934,1,1
38935,1,1
38936,1,1
38937,1,1
38938,15,7
38939,4,3
38940,3,2
38941,1,1
38942,1,1
38943,1,1
38944,39,39
38945,13,13
38946,40,21
38947,2,2
38948,1,1
38949,7,7
38950,1,1
38951,5,3
38952,1,1
38953,1,1
38954,6,4
38955,4,4
38956,1,1
38957,9,7
38958,2,2
38959,1,1
38960,1,1
38961,3,2
38962,6,5
38963,4,3
38964,3,2
38965,2,2
38966,6,6
38967,1,1
38968,5,4
38969,1,1
38970,2,1
38971,23,9
38972,1,1
38973,1,1
38974,3,2
38975,16,8
38976,10,8
38977,1,1
38978,16,12
38979,2,2
38980,3,3
38981,2,2
38982,22,12
38983,1,1
38984,1,1
38985,1,1
38986,1,1
38987,1,1
38988,1,1
38989,1,1
38990,1,1
38991,1,1
38992,2,2
38993,1,1
38994,4,4
38995,26,12
38996,2,1
38997,15,11
38998,1,1
38999,1,1
39000,1,1
39001,2,2
39002,1,1
39003,1,1
39004,1,1
39005,1,1
39006,2,2
39007,1,1
39008,10,7
39009,2,2
39010,2,2
39011,1,1
39012,2,2
39013,3,3
39014,1,1
39015,1,1
39016,13,11
39017,3,2
39018,2,2
39019,4,3
39020,1,1
39021,1,1
39022,2,2
39023,5,5
39024,1,1
39025,1,1
39026,1,1
39027,2,2
39028,1,1
39029,1,1
39030,5,3
39031,2,1
39032,1,1
39033,2,1
39034,1,1
39035,2,1
39036,1,1
39037,10,3
39038,15,8
39039,2,1
39040,1,1
39041,21,9
39042,6,4
39043,1,1
39044,1,1
39045,10,10
39046,1,1
39047,2,2
39048,2,2
39049,6,5
39050,1,1
39051,1,1
39052,1,1
39053,2,2
39054,3,2
39055,1,1
39056,1,1
39057,1,1
39058,3,3
39059,2,2
39060,1,1
39061,4,4
39062,7,6
39063,1,1
39064,3,2
39065,1,1
39066,2,2
39067,4,4
39068,1,1
39069,1,1
39070,1,1
39071,1,1
39072,8,6
39073,6,4
39074,24,17
39075,4,3
39076,1,1
39077,2,1
39078,1,1
39079,4,3
39080,3,2
39081,1,1
39082,23,12
39083,11,7
39084,4,3
39085,2,1
39086,1,1
39087,1,1
39088,1,1
39089,1,1
39090,1,1
39091,3,2
39092,1,1
39093,1,1
39094,1,1
39095,1,1
39096,1,1
39097,1,1
39098,1,1
39099,6,4
39100,5,3
39101,2,2
39102,2,2
39103,1,1
39104,3,3
39105,1,1
39106,2,2
39107,1,1
39108,1,1
39109,2,2
39110,1,1
39111,1,1
39112,1,1
39113,1,1
39114,1,1
39115,1,1
39116,5,3
39117,2,2
39118,1,1
39119,1,1
39120,2,2
39121,2,1
39122,1,1
39123,4,3
39124,1,1
39125,2,2
39126,1,1
39127,1,1
39128,2,2
39129,1,1
39130,1,1
39131,1,1
39132,1,1
39133,1,1
39134,2,2
39135,1,1
39136,1,1
39137,1,1
39138,9,9
39139,2,2
39140,1,1
39141,4,4
39142,1,1
39143,2,2
39144,1,1
39145,1,1
39146,2,2
39147,1,1
39148,1,1
39149,1,1
39150,1,1
39151,48,30
39152,1,1
39153,3,3
39154,1,1
39155,1,1
39156,1,1
39157,1,1
39158,1,1
39159,1,1
39160,2,1
39161,66,43
39162,2,2
39163,4,4
39164,24,13
39165,4,4
39166,3,3
39167,2,2
39168,1,1
39169,2,2
39170,17,8
39171,2,1
39172,1,1
39173,1,1
39174,48,20
39175,1,1
39176,8,8
39177,3,2
39178,7,4
39179,2,2
39180,7,4
39181,1,1
39182,1,1
39183,1,1
39184,1,1
39185,1,1
39186,3,2
39187,1,1
39188,2,2
39189,1,1
39190,2,1
39191,2,2
39192,1,1
39193,1,1
39194,1,1
39195,3,2
39196,1,1
39197,1,1
39198,1,1
39199,1,1
39200,2,1
39201,2,1
39202,7,6
39203,8,5
39204,1,1
39205,2,2
39206,29,18
39207,1,1
39208,2,2
39209,3,3
39210,19,11
39211,1,1
39212,1,1
39213,1,1
39214,14,13
39215,25,25
39216,1,1
39217,1,1
39218,1,1
39219,1,1
39220,1,1
39221,2,2
39222,1,1
39223,2,1
39224,1,1
39225,1,1
39226,1,1
39227,1,1
39228,2,2
39229,1,1
39230,56,27
39231,4,3
39232,1,1
39233,1,1
39234,1,1
39235,1,1
39236,1,1
39237,15,12
39238,2,1
39239,1,1
39240,1,1
39241,1,1
39242,3,3
39243,1,1
39244,7,6
39245,1,1
39246,9,9
39247,3,2
39248,35,18
39249,8,4
39250,1,1
39251,1,1
39252,1,1
39253,4,4
39254,1,1
39255,2,2
39256,2,2
39257,3,3
39258,2,2
39259,2,2
39260,8,6
39261,3,2
39262,2,2
39263,26,8
39264,23,14
39265,13,11
39266,29,13
39267,2,2
39268,5,5
39269,1,1
39270,1,1
39271,1,1
39272,10,7
39273,1,1
39274,1,1
39275,1,1
39276,6,5
39277,1,1
39278,1,1
39279,9,4
39280,2,2
39281,3,3
39282,1,1
39283,2,2
39284,1,1
39285,1,1
39286,1,1
39287,8,6
39288,4,3
39289,1,1
39290,1,1
39291,1,1
39292,1,1
39293,1,1
39294,1,1
39295,1,1
39296,1,1
39297,1,1
39298,1,1
39299,1,1
39300,1,1
39301,1,1
39302,1,1
39303,1,1
39304,2,2
39305,3,2
39306,1,1
39307,9,6
39308,1,1
39309,1,1
39310,1,1
39311,3,2
39312,2,1
39313,4,3
39314,1,1
39315,2,2
39316,1,1
39317,1,1
39318,1,1
39319,2,1
39320,1,1
39321,4,3
39322,1,1
39323,2,2
39324,5,3
39325,13,4
39326,1,1
39327,5,5
39328,1,1
39329,2,2
39330,1,1
39331,12,6
39332,1,1
39333,8,6
39334,2,2
39335,1,1
39336,1,1
39337,1,1
39338,13,13
39339,1,1
39340,10,10
39341,6,4
39342,1,1
39343,2,2
39344,1,1
39345,1,1
39346,2,2
39347,2,2
39348,7,5
39349,4,3
39350,9,9
39351,1,1
39352,1,1
39353,2,1
39354,1,1
39355,1,1
39356,2,1
39357,2,2
39358,2,1
39359,1,1
39360,1,1
39361,2,1
39362,1,1
39363,13,12
39364,1,1
39365,1,1
39366,1,1
39367,1,1
39368,1,1
39369,1,1
39370,1,1
39371,4,4
39372,2,2
39373,9,9
39374,1,1
39375,2,2
39376,11,7
39377,6,6
39378,4,3
39379,3,3
39380,7,7
39381,15,12
39382,1,1
39383,2,2
39384,12,12
39385,1,1
39386,3,2
39387,7,7
39388,1,1
39389,1,1
39390,2,1
39391,1,1
39392,1,1
39393,1,1
39394,2,1
39395,1,1
39396,8,5
39397,1,1
39398,1,1
39399,3,2
39400,1,1
39401,4,4
39402,1,1
39403,21,15
39404,1,1
39405,2,2
39406,2,2
39407,1,1
39408,3,2
39409,5,5
39410,7,7
39411,8,8
39412,2,1
39413,6,5
39414,1,1
39415,6,5
39416,1,1
39417,1,1
39418,1,1
39419,2,2
39420,1,1
39421,2,2
39422,1,1
39423,1,1
39424,3,2
39425,2,2
39426,4,2
39427,1,1
39428,2,2
39429,1,1
39430,1,1
39431,1,1
39432,1,1
39433,15,9
39434,5,4
39435,5,4
39436,1,1
39437,2,1
39438,1,1
39439,1,1
39440,1,1
39441,3,2
39442,1,1
39443,1,1
39444,1,1
39445,1,1
39446,17,7
39447,1,1
39448,2,2
39449,4,4
39450,12,8
39451,2,2
39452,16,10
39453,1,1
39454,2,2
39455,1,1
39456,1,1
39457,8,6
39458,1,1
39459,2,1
39460,1,1
39461,1,1
39462,1,1
39463,1,1
39464,2,1
39465,2,2
39466,2,2
39467,5,5
39468,1,1
39469,1,1
39470,1,1
39471,2,1
39472,1,1
39473,1,1
39474,2,2
39475,2,1
39476,1,1
39477,1,1
39478,1,1
39479,3,3
39480,3,2
39481,1,1
39482,1,1
39483,4,3
39484,1,1
39485,2,2
39486,1,1
39487,3,3
39488,1,1
39489,1,1
39490,1,1
39491,1,1
39492,12,5
39493,1,1
39494,1,1
39495,1,1
39496,7,7
39497,2,2
39498,1,1
39499,1,1
39500,3,2
39501,2,1
39502,1,1
39503,1,1
39504,1,1
39505,7,5
39506,1,1
39507,1,1
39508,2,2
39509,1,1
39510,8,5
39511,1,1
39512,1,1
39513,2,2
39514,2,2
39515,2,2
39516,1,1
39517,2,2
39518,1,1
39519,1,1
39520,3,3
39521,1,1
39522,1,1
39523,1,1
39524,3,3
39525,1,1
39526,2,2
39527,1,1
39528,2,2
39529,1,1
39530,2,2
39531,11,11
39532,1,1
39533,1,1
39534,1,1
39535,2,2
39536,2,2
39537,1,1
39538,1,1
39539,6,6
39540,1,1
39541,1,1
39542,12,7
39543,1,1
39544,2,2
39545,1,1
39546,1,1
39547,1,1
39548,2,2
39549,3,3
39550,1,1
39551,18,9
39552,7,5
39553,2,2
39554,1,1
39555,1,1
39556,1,1
39557,1,1
39558,1,1
39559,1,1
39560,1,1
39561,1,1
39562,3,2
39563,3,2
39564,2,2
39565,2,2
39566,1,1
39567,2,2
39568,1,1
39569,1,1
39570,1,1
39571,2,2
39572,6,6
39573,1,1
39574,1,1
39575,3,2
39576,3,2
39577,7,5
39578,1,1
39579,3,2
39580,1,1
39581,1,1
39582,1,1
39583,8,8
39584,1,1
39585,1,1
39586,10,10
39587,1,1
39588,5,2
39589,1,1
39590,4,3
39591,1,1
39592,3,2
39593,1,1
39594,5,4
39595,1,1
39596,1,1
39597,1,1
39598,1,1
39599,1,1
39600,1,1
39601,1,1
39602,19,19
39603,1,1
39604,4,4
39605,2,2
39606,9,9
39607,8,8
39608,1,1
39609,1,1
39610,1,1
39611,2,2
39612,1,1
39613,1,1
39614,1,1
39615,1,1
39616,6,4
39617,1,1
39618,1,1
39619,2,2
39620,1,1
39621,3,3
39622,4,1
39623,2,2
39624,2,1
39625,1,1
39626,2,2
39627,3,3
39628,1,1
39629,1,1
39630,1,1
39631,1,1
39632,1,1
39633,1,1
39634,1,1
39635,2,2
39636,1,1
39637,2,2
39638,1,1
39639,2,2
39640,2,2
39641,2,2
39642,1,1
39643,2,2
39644,1,1
39645,2,2
39646,1,1
39647,4,4
39648,2,2
39649,1,1
39650,1,1
39651,1,1
39652,1,1
39653,1,1
39654,1,1
39655,8,7
39656,1,1
39657,1,1
39658,3,2
39659,2,2
39660,1,1
39661,1,1
39662,1,1
39663,1,1
39664,1,1
39665,1,1
39666,4,3
39667,2,1
39668,1,1
39669,1,1
39670,1,1
39671,1,1
39672,2,2
39673,6,4
39674,7,4
39675,2,2
39676,12,8
39677,2,2
39678,1,1
39679,1,1
39680,2,2
39681,1,1
39682,1,1
39683,1,1
39684,1,1
39685,1,1
39686,1,1
39687,1,1
39688,1,1
39689,1,1
39690,1,1
39691,1,1
39692,1,1
39693,1,1
39694,1,1
39695,1,1
39696,1,1
39697,1,1
39698,1,1
39699,1,1
39700,1,1
39701,2,2
39702,3,2
39703,1,1
39704,17,11
39705,5,3
39706,2,2
39707,1,1
39708,1,1
39709,1,1
39710,1,1
39711,1,1
39712,1,1
39713,2,2
39714,2,2
39715,5,4
39716,3,3
39717,2,2
39718,2,1
39719,1,1
39720,1,1
39721,1,1
39722,1,1
39723,1,1
39724,1,1
39725,4,3
39726,1,1
39727,1,1
39728,1,1
39729,3,2
39730,1,1
39731,1,1
39732,1,1
39733,3,2
39734,4,4
39735,1,1
39736,1,1
39737,1,1
39738,1,1
39739,1,1
39740,1,1
39741,1,1
39742,1,1
39743,1,1
39744,1,1
39745,1,1
39746,9,4
39747,1,1
39748,7,5
39749,4,1
39750,29,11
39751,2,1
39752,1,1
39753,2,2
39754,2,2
39755,3,3
39756,7,7
39757,1,1
39758,2,1
39759,1,1
39760,4,3
39761,18,10
39762,2,1
39763,2,2
39764,1,1
39765,7,6
39766,1,1
39767,1,1
39768,6,3
39769,1,1
39770,1,1
39771,2,2
39772,1,1
39773,2,2
39774,10,5
39775,1,1
39776,2,2
39777,1,1
39778,4,3
39779,1,1
39780,8,8
39781,1,1
39782,10,8
39783,1,1
39784,6,3
39785,1,1
39786,1,1
39787,1,1
39788,6,4
39789,3,2
39790,1,1
39791,7,4
39792,1,1
39793,1,1
39794,3,2
39795,1,1
39796,1,1
39797,1,1
39798,1,1
39799,1,1
39800,1,1
39801,1,1
39802,1,1
39803,2,2
39804,2,2
39805,2,2
39806,1,1
39807,4,4
39808,1,1
39809,2,2
39810,3,3
39811,22,9
39812,1,1
39813,1,1
39814,1,1
39815,3,2
39816,5,3
39817,1,1
39818,1,1
39819,3,3
39820,4,3
39821,1,1
39822,1,1
39823,1,1
39824,1,1
39825,1,1
39826,4,3
39827,1,1
39828,1,1
39829,1,1
39830,1,1
39831,1,1
39832,1,1
39833,1,1
39834,1,1
39835,2,2
39836,2,2
39837,1,1
39838,3,2
39839,1,1
39840,1,1
39841,1,1
39842,1,1
39843,3,2
39844,3,3
39845,1,1
39846,1,1
39847,1,1
39848,1,1
39849,1,1
39850,1,1
39851,1,1
39852,1,1
39853,1,1
39854,1,1
39855,2,2
39856,1,1
39857,1,1
39858,1,1
39859,3,3
39860,1,1
39861,1,1
39862,1,1
39863,1,1
39864,2,2
39865,1,1
39866,2,1
39867,1,1
39868,3,2
39869,1,1
39870,1,1
39871,2,2
39872,1,1
39873,1,1
39874,1,1
39875,1,1
39876,1,1
39877,1,1
39878,1,1
39879,1,1
39880,1,1
39881,1,1
39882,1,1
39883,1,1
39884,1,1
39885,1,1
39886,2,2
39887,22,13
39888,1,1
39889,6,5
39890,1,1
39891,1,1
39892,1,1
39893,1,1
39894,13,10
39895,6,6
39896,1,1
39897,1,1
39898,1,1
39899,3,2
39900,3,3
39901,1,1
39902,1,1
39903,1,1
39904,1,1
39905,1,1
39906,1,1
39907,1,1
39908,1,1
39909,3,2
39910,1,1
39911,1,1
39912,1,1
39913,2,2
39914,2,2
39915,1,1
39916,1,1
39917,1,1
39918,1,1
39919,1,1
39920,1,1
39921,1,1
39922,2,2
39923,1,1
39924,1,1
39925,1,1
39926,2,2
39927,1,1
39928,1,1
39929,13,6
39930,4,4
39931,1,1
39932,1,1
39933,1,1
39934,1,1
39935,2,2
39936,1,1
39937,1,1
39938,4,3
39939,3,2
39940,2,2
39941,1,1
39942,3,3
39943,2,2
39944,2,1
39945,3,2
39946,2,2
39947,1,1
39948,1,1
39949,1,1
39950,2,2
39951,1,1
39952,1,1
39953,1,1
39954,2,2
39955,1,1
39956,1,1
39957,1,1
39958,1,1
39959,1,1
39960,1,1
39961,1,1
39962,5,5
39963,4,4
39964,1,1
39965,1,1
39966,1,1
39967,1,1
39968,1,1
39969,2,1
39970,2,2
39971,1,1
39972,1,1
39973,1,1
39974,1,1
39975,3,3
39976,3,2
39977,1,1
39978,1,1
39979,1,1
39980,2,1
39981,1,1
39982,2,2
39983,5,3
39984,1,1
39985,7,6
39986,1,1
39987,2,2
39988,10,6
39989,1,1
39990,2,2
39991,2,2
39992,1,1
39993,4,3
39994,12,12
39995,1,1
39996,31,19
39997,1,1
39998,1,1
39999,1,1
40000,1,1
40001,1,1
40002,1,1
40003,1,1
40004,2,1
40005,1,1
40006,3,2
40007,2,2
40008,1,1
40009,2,2
40010,2,2
40011,1,1
40012,1,1
40013,11,9
40014,1,1
40015,1,1
40016,8,8
40017,1,1
40018,1,1
40019,1,1
40020,1,1
40021,16,8
40022,1,1
40023,1,1
40024,1,1
40025,1,1
40026,1,1
40027,1,1
40028,1,1
40029,1,1
40030,2,2
40031,5,4
40032,1,1
40033,3,2
40034,1,1
40035,5,4
40036,2,1
40037,1,1
40038,1,1
40039,1,1
40040,2,2
40041,2,2
40042,1,1
40043,1,1
40044,1,1
40045,2,1
40046,1,1
40047,4,3
40048,1,1
40049,1,1
40050,1,1
40051,2,2
40052,1,1
40053,1,1
40054,3,2
40055,1,1
40056,1,1
40057,1,1
40058,7,3
40059,1,1
40060,3,2
40061,1,1
40062,2,2
40063,1,1
40064,1,1
40065,3,3
40066,1,1
40067,2,2
40068,1,1
40069,1,1
40070,1,1
40071,1,1
40072,1,1
40073,1,1
40074,11,5
40075,1,1
40076,7,3
40077,1,1
40078,1,1
40079,1,1
40080,2,2
40081,1,1
40082,1,1
40083,1,1
40084,1,1
40085,1,1
40086,1,1
40087,1,1
40088,3,3
40089,4,3
40090,2,2
40091,9,7
40092,1,1
40093,1,1
40094,1,1
40095,1,1
40096,12,8
40097,1,1
40098,2,2
40099,5,5
40100,11,10
40101,2,2
40102,2,1
40103,1,1
40104,25,14
40105,1,1
40106,1,1
40107,2,2
40108,3,3
40109,1,1
40110,1,1
40111,1,1
40112,1,1
40113,2,2
40114,1,1
40115,1,1
40116,2,2
40117,1,1
40118,1,1
40119,1,1
40120,5,5
40121,4,2
40122,2,1
40123,1,1
40124,1,1
40125,1,1
40126,2,2
40127,1,1
40128,2,2
40129,1,1
40130,9,9
40131,5,3
40132,1,1
40133,1,1
40134,1,1
40135,1,1
40136,4,3
40137,1,1
40138,1,1
40139,1,1
40140,1,1
40141,11,4
40142,1,1
40143,1,1
40144,1,1
40145,2,2
40146,1,1
40147,1,1
40148,2,2
40149,46,19
40150,1,1
40151,1,1
40152,1,1
40153,1,1
40154,2,2
40155,1,1
40156,1,1
40157,2,2
40158,1,1
40159,1,1
40160,1,1
40161,2,2
40162,1,1
40163,1,1
40164,2,2
40165,2,1
40166,8,3
40167,6,5
40168,1,1
40169,1,1
40170,1,1
40171,1,1
40172,1,1
40173,1,1
40174,1,1
40175,1,1
40176,2,1
40177,1,1
40178,1,1
40179,1,1
40180,1,1
40181,5,3
40182,1,1
40183,1,1
40184,1,1
40185,1,1
40186,3,2
40187,5,4
40188,1,1
40189,1,1
40190,1,1
40191,1,1
40192,1,1
40193,1,1
40194,1,1
40195,64,17
40196,1,1
40197,6,4
40198,1,1
40199,1,1
40200,1,1
40201,1,1
40202,1,1
40203,1,1
40204,2,1
40205,1,1
40206,1,1
40207,1,1
40208,1,1
40209,1,1
40210,1,1
40211,3,2
40212,1,1
40213,1,1
40214,1,1
40215,1,1
40216,2,2
40217,1,1
40218,1,1
40219,2,1
40220,4,2
40221,1,1
40222,4,2
40223,8,7
40224,1,1
40225,1,1
40226,1,1
40227,9,5
40228,3,3
40229,7,4
40230,1,1
40231,1,1
40232,1,1
40233,3,2
40234,13,7
40235,1,1
40236,1,1
40237,1,1
40238,1,1
40239,1,1
40240,2,2
40241,1,1
40242,1,1
40243,1,1
40244,1,1
40245,1,1
40246,1,1
40247,1,1
40248,1,1
40249,10,5
40250,74,46
40251,1,1
40252,1,1
40253,1,1
40254,1,1
40255,1,1
40256,5,4
40257,1,1
40258,1,1
40259,11,4
40260,1,1
40261,1,1
40262,1,1
40263,2,2
40264,1,1
40265,1,1
40266,1,1
40267,6,4
40268,3,2
40269,1,1
40270,1,1
40271,5,4
40272,1,1
40273,1,1
40274,1,1
40275,4,3
40276,1,1
40277,11,5
40278,1,1
40279,2,1
40280,1,1
40281,8,6
40282,2,2
40283,1,1
40284,1,1
40285,4,4
40286,13,8
40287,1,1
40288,1,1
40289,6,4
40290,2,1
40291,1,1
40292,11,7
40293,1,1
40294,1,1
40295,1,1
40296,2,2
40297,1,1
40298,1,1
40299,2,2
40300,1,1
40301,1,1
40302,1,1
40303,1,1
40304,3,2
40305,1,1
40306,1,1
40307,2,2
40308,2,2
40309,1,1
40310,1,1
40311,2,2
40312,1,1
40313,1,1
40314,1,1
40315,1,1
40316,2,2
40317,1,1
40318,3,2
40319,2,2
40320,1,1
40321,1,1
40322,1,1
40323,1,1
40324,1,1
40325,6,4
40326,1,1
40327,1,1
40328,1,1
40329,1,1
40330,1,1
40331,1,1
40332,5,4
40333,2,2
40334,1,1
40335,51,25
40336,2,2
40337,3,2
40338,3,3
40339,1,1
40340,1,1
40341,5,4
40342,1,1
40343,2,2
40344,1,1
40345,1,1
40346,2,2
40347,1,1
40348,1,1
40349,1,1
40350,2,2
40351,1,1
40352,1,1
40353,1,1
40354,2,2
40355,1,1
40356,2,2
40357,1,1
40358,1,1
40359,1,1
40360,1,1
40361,3,3
40362,1,1
40363,1,1
40364,2,2
40365,1,1
40366,1,1
40367,1,1
40368,4,3
40369,1,1
40370,1,1
40371,4,4
40372,1,1
40373,2,1
40374,1,1
40375,2,2
40376,3,3
40377,2,2
40378,1,1
40379,1,1
40380,1,1
40381,1,1
40382,1,1
40383,3,2
40384,1,1
40385,1,1
40386,1,1
40387,1,1
40388,1,1
40389,1,1
40390,1,1
40391,1,1
40392,1,1
40393,1,1
40394,1,1
40395,1,1
40396,2,1
40397,1,1
40398,1,1
40399,2,2
40400,1,1
40401,4,3
40402,1,1
40403,1,1
40404,4,3
40405,1,1
40406,1,1
40407,1,1
40408,1,1
40409,1,1
40410,1,1
40411,4,3
40412,1,1
40413,1,1
40414,1,1
40415,1,1
40416,1,1
40417,5,4
40418,3,3
40419,1,1
40420,8,7
40421,2,2
40422,2,2
40423,3,3
40424,1,1
40425,1,1
40426,1,1
40427,1,1
40428,4,3
40429,1,1
40430,4,3
40431,1,1
40432,1,1
40433,1,1
40434,1,1
40435,1,1
40436,1,1
40437,1,1
40438,2,1
40439,1,1
40440,4,3
40441,1,1
40442,1,1
40443,1,1
40444,1,1
40445,2,2
40446,1,1
40447,1,1
40448,1,1
40449,1,1
40450,1,1
40451,26,13
40452,2,2
40453,1,1
40454,5,4
40455,1,1
40456,7,4
40457,1,1
40458,1,1
40459,1,1
40460,3,3
40461,1,1
40462,1,1
40463,6,6
40464,1,1
40465,3,2
40466,1,1
40467,1,1
40468,3,3
40469,6,6
40470,1,1
40471,1,1
40472,1,1
40473,7,3
40474,1,1
40475,1,1
40476,1,1
40477,1,1
40478,1,1
40479,7,7
40480,1,1
40481,3,3
40482,1,1
40483,1,1
40484,2,2
40485,1,1
40486,2,2
40487,1,1
40488,1,1
40489,3,3
40490,1,1
40491,1,1
40492,1,1
40493,1,1
40494,1,1
40495,2,2
40496,4,3
40497,1,1
40498,2,2
40499,5,5
40500,1,1
40501,1,1
40502,2,2
40503,2,2
40504,1,1
40505,1,1
40506,1,1
40507,1,1
40508,1,1
40509,1,1
40510,1,1
40511,2,2
40512,1,1
40513,4,4
40514,1,1
40515,4,4
40516,5,2
40517,2,2
40518,3,3
40519,1,1
40520,1,1
40521,9,8
40522,1,1
40523,1,1
40524,11,7
40525,2,2
40526,1,1
40527,1,1
40528,1,1
40529,1,1
40530,2,2
40531,5,4
40532,1,1
40533,14,10
40534,1,1
40535,1,1
40536,1,1
40537,1,1
40538,2,1
40539,1,1
40540,1,1
40541,1,1
40542,1,1
40543,1,1
40544,22,13
40545,1,1
40546,1,1
40547,1,1
40548,23,15
40549,1,1
40550,1,1
40551,1,1
40552,1,1
40553,2,2
40554,1,1
40555,1,1
40556,1,1
40557,1,1
40558,2,1
40559,2,1
40560,1,1
40561,1,1
40562,1,1
40563,3,3
40564,1,1
40565,5,3
40566,1,1
40567,2,1
40568,1,1
40569,1,1
40570,1,1
40571,1,1
40572,7,4
40573,1,1
40574,1,1
40575,3,3
40576,1,1
40577,2,2
40578,2,2
40579,1,1
40580,1,1
40581,3,3
40582,1,1
40583,1,1
40584,1,1
40585,1,1
40586,1,1
40587,5,4
40588,1,1
40589,3,3
40590,1,1
40591,1,1
40592,1,1
40593,1,1
40594,6,2
40595,1,1
40596,1,1
40597,1,1
40598,3,3
40599,1,1
40600,1,1
40601,2,1
40602,3,2
40603,1,1
40604,1,1
40605,1,1
40606,3,2
40607,2,2
40608,1,1
40609,1,1
40610,1,1
40611,2,2
40612,4,3
40613,2,2
40614,1,1
40615,1,1
40616,3,2
40617,79,28
40618,1,1
40619,2,2
40620,3,2
40621,1,1
40622,1,1
40623,1,1
40624,2,1
40625,2,1
40626,9,5
40627,3,3
40628,10,5
40629,3,2
40630,2,2
40631,1,1
40632,1,1
40633,1,1
40634,2,2
40635,2,2
40636,2,2
40637,2,2
40638,3,3
40639,5,4
40640,5,4
40641,1,1
40642,1,1
40643,2,2
40644,2,2
40645,1,1
40646,3,2
40647,2,2
40648,5,3
40649,1,1
40650,2,2
40651,3,3
40652,2,2
40653,1,1
40654,1,1
40655,1,1
40656,1,1
40657,3,2
40658,1,1
40659,1,1
40660,1,1
40661,1,1
40662,1,1
40663,3,3
40664,1,1
40665,2,2
40666,2,2
40667,2,2
40668,1,1
40669,1,1
40670,3,2
40671,1,1
40672,1,1
40673,1,1
40674,2,2
40675,1,1
40676,2,2
40677,14,8
40678,1,1
40679,3,2
40680,2,2
40681,1,1
40682,1,1
40683,15,8
40684,3,2
40685,1,1
40686,4,3
40687,1,1
40688,2,2
40689,1,1
40690,3,2
40691,1,1
40692,1,1
40693,11,4
40694,1,1
40695,1,1
40696,2,2
40697,1,1
40698,1,1
40699,1,1
40700,5,3
40701,3,3
40702,1,1
40703,1,1
40704,1,1
40705,1,1
40706,1,1
40707,4,3
40708,1,1
40709,4,3
40710,1,1
40711,1,1
40712,1,1
40713,2,2
40714,1,1
40715,1,1
40716,1,1
40717,5,4
40718,1,1
40719,2,1
40720,2,2
40721,1,1
40722,1,1
40723,1,1
40724,1,1
40725,1,1
40726,2,2
40727,1,1
40728,2,2
40729,1,1
40730,1,1
40731,2,2
40732,3,2
40733,1,1
40734,2,2
40735,2,2
40736,2,2
40737,1,1
40738,1,1
40739,1,1
40740,1,1
40741,3,2
40742,1,1
40743,1,1
40744,1,1
40745,1,1
40746,1,1
40747,1,1
40748,1,1
40749,5,3
40750,1,1
40751,1,1
40752,2,2
40753,1,1
40754,2,2
40755,1,1
40756,3,3
40757,3,2
40758,2,2
40759,1,1
40760,2,2
40761,1,1
40762,1,1
40763,1,1
40764,4,2
40765,1,1
40766,2,1
40767,1,1
40768,1,1
40769,1,1
40770,2,2
40771,2,2
40772,4,3
40773,1,1
40774,2,2
40775,1,1
40776,28,18
40777,2,1
40778,1,1
40779,1,1
40780,1,1
40781,64,23
40782,2,2
40783,1,1
40784,1,1
40785,1,1
40786,1,1
40787,1,1
40788,1,1
40789,4,4
40790,3,3
40791,1,1
40792,1,1
40793,5,5
40794,1,1
40795,1,1
40796,1,1
40797,1,1
40798,1,1
40799,2,2
40800,2,2
40801,1,1
40802,1,1
40803,1,1
40804,1,1
40805,1,1
40806,1,1
40807,1,1
40808,1,1
40809,1,1
40810,1,1
40811,2,2
40812,2,2
40813,3,3
40814,1,1
40815,1,1
40816,1,1
40817,1,1
40818,1,1
40819,5,4
40820,1,1
40821,1,1
40822,1,1
40823,5,2
40824,4,4
40825,1,1
40826,1,1
40827,1,1
40828,5,3
40829,4,4
40830,1,1
40831,1,1
40832,1,1
40833,1,1
40834,2,2
40835,1,1
40836,2,1
40837,2,2
40838,1,1
40839,1,1
40840,1,1
40841,1,1
40842,9,5
40843,1,1
40844,3,2
40845,1,1
40846,1,1
40847,1,1
40848,1,1
40849,1,1
40850,3,2
40851,1,1
40852,5,3
40853,1,1
40854,1,1
40855,1,1
40856,1,1
40857,1,1
40858,1,1
40859,2,1
40860,1,1
40861,1,1
40862,1,1
40863,7,4
40864,1,1
40865,2,2
40866,1,1
40867,1,1
40868,2,2
40869,3,3
40870,2,1
40871,1,1
40872,2,1
40873,1,1
40874,1,1
40875,1,1
40876,2,2
40877,1,1
40878,1,1
40879,1,1
40880,3,2
40881,1,1
40882,2,2
40883,3,3
40884,1,1
40885,1,1
40886,1,1
40887,1,1
40888,1,1
40889,1,1
40890,2,1
40891,1,1
40892,1,1
40893,1,1
40894,8,7
40895,2,2
40896,1,1
40897,2,2
40898,37,16
40899,1,1
40900,3,2
40901,1,1
40902,2,2
40903,1,1
40904,2,2
40905,2,2
40906,1,1
40907,1,1
40908,3,2
40909,5,4
40910,1,1
40911,1,1
40912,1,1
40913,3,3
40914,1,1
40915,1,1
40916,5,4
40917,1,1
40918,1,1
40919,2,1
40920,1,1
40921,1,1
40922,1,1
40923,1,1
40924,1,1
40925,4,3
40926,3,3
40927,1,1
40928,10,10
40929,10,10
40930,2,2
40931,18,10
40932,1,1
40933,1,1
40934,1,1
40935,1,1
40936,1,1
40937,2,1
40938,1,1
40939,1,1
40940,1,1
40941,2,1
40942,1,1
40943,1,1
40944,1,1
40945,3,2
40946,1,1
40947,2,2
40948,2,2
40949,1,1
40950,1,1
40951,4,3
40952,1,1
40953,1,1
40954,1,1
40955,1,1
40956,1,1
40957,1,1
40958,1,1
40959,1,1
40960,1,1
40961,2,2
40962,1,1
40963,1,1
40964,2,2
40965,1,1
40966,2,2
40967,1,1
40968,1,1
40969,2,2
40970,4,4
40971,1,1
40972,1,1
40973,1,1
40974,3,3
40975,3,2
40976,2,2
40977,1,1
40978,4,3
40979,1,1
40980,1,1
40981,1,1
40982,1,1
40983,1,1
40984,1,1
40985,1,1
40986,1,1
40987,3,3
40988,1,1
40989,1,1
40990,4,4
40991,1,1
40992,1,1
40993,1,1
40994,1,1
40995,24,19
40996,1,1
40997,1,1
40998,1,1
40999,1,1
41000,2,1
41001,1,1
41002,57,16
41003,6,3
41004,3,3
41005,2,1
41006,1,1
41007,1,1
41008,1,1
41009,3,2
41010,1,1
41011,1,1
41012,6,3
41013,1,1
41014,2,2
41015,2,2
41016,1,1
41017,1,1
41018,1,1
41019,1,1
41020,1,1
41021,1,1
41022,2,2
41023,1,1
41024,1,1
41025,1,1
41026,3,2
41027,1,1
41028,87,43
41029,4,3
41030,1,1
41031,1,1
41032,1,1
41033,1,1
41034,1,1
41035,5,3
41036,1,1
41037,1,1
41038,1,1
41039,1,1
41040,1,1
41041,1,1
41042,1,1
41043,2,1
41044,1,1
41045,1,1
41046,1,1
41047,2,2
41048,1,1
41049,1,1
41050,1,1
41051,1,1
41052,2,2
41053,1,1
41054,1,1
41055,1,1
41056,1,1
41057,1,1
41058,1,1
41059,3,3
41060,3,3
41061,1,1
41062,2,1
41063,1,1
41064,1,1
41065,2,2
41066,1,1
41067,4,3
41068,1,1
41069,1,1
41070,1,1
41071,1,1
41072,2,1
41073,1,1
41074,2,2
41075,7,4
41076,1,1
41077,1,1
41078,3,3
41079,1,1
41080,3,3
41081,1,1
41082,46,21
41083,1,1
41084,1,1
41085,7,6
41086,2,2
41087,1,1
41088,1,1
41089,1,1
41090,1,1
41091,1,1
41092,1,1
41093,2,2
41094,2,1
41095,1,1
41096,3,3
41097,1,1
41098,5,4
41099,1,1
41100,13,8
41101,2,2
41102,2,2
41103,1,1
41104,1,1
41105,1,1
41106,1,1
41107,1,1
41108,1,1
41109,1,1
41110,1,1
41111,1,1
41112,1,1
41113,2,2
41114,1,1
41115,1,1
41116,1,1
41117,1,1
41118,1,1
41119,2,2
41120,2,2
41121,1,1
41122,1,1
41123,1,1
41124,2,2
41125,1,1
41126,4,2
41127,1,1
41128,1,1
41129,2,1
41130,3,2
41131,1,1
41132,1,1
41133,1,1
41134,3,2
41135,9,4
41136,2,2
41137,1,1
41138,1,1
41139,1,1
41140,1,1
41141,1,1
41142,3,3
41143,1,1
41144,1,1
41145,4,4
41146,1,1
41147,4,2
41148,1,1
41149,2,2
41150,1,1
41151,2,2
41152,1,1
41153,1,1
41154,1,1
41155,7,5
41156,4,3
41157,2,2
41158,1,1
41159,4,3
41160,10,6
41161,5,4
41162,1,1
41163,1,1
41164,5,3
41165,90,24
41166,1,1
41167,2,1
41168,1,1
41169,3,2
41170,1,1
41171,1,1
41172,1,1
41173,2,1
41174,1,1
41175,1,1
41176,5,5
41177,1,1
41178,2,2
41179,4,3
41180,12,9
41181,3,3
41182,15,11
41183,1,1
41184,1,1
41185,1,1
41186,8,5
41187,4,2
41188,1,1
41189,1,1
41190,3,3
41191,1,1
41192,6,6
41193,2,2
41194,2,1
41195,1,1
41196,5,5
41197,6,5
41198,2,2
41199,16,9
41200,1,1
41201,3,3
41202,1,1
41203,2,2
41204,15,11
41205,2,1
41206,1,1
41207,2,2
41208,1,1
41209,2,1
41210,1,1
41211,1,1
41212,4,3
41213,1,1
41214,1,1
41215,1,1
41216,1,1
41217,1,1
41218,1,1
41219,1,1
41220,1,1
41221,1,1
41222,1,1
41223,1,1
41224,1,1
41225,1,1
41226,2,2
41227,1,1
41228,3,2
41229,20,8
41230,5,5
41231,17,9
41232,1,1
41233,2,2
41234,1,1
41235,2,1
41236,3,2
41237,1,1
41238,1,1
41239,1,1
41240,2,2
41241,1,1
41242,1,1
41243,1,1
41244,1,1
41245,1,1
41246,1,1
41247,1,1
41248,1,1
41249,26,13
41250,1,1
41251,1,1
41252,4,4
41253,1,1
41254,1,1
41255,4,3
41256,1,1
41257,1,1
41258,1,1
41259,2,2
41260,1,1
41261,4,2
41262,1,1
41263,1,1
41264,40,15
41265,10,5
41266,4,3
41267,1,1
41268,1,1
41269,2,2
41270,4,3
41271,1,1
41272,1,1
41273,1,1
41274,3,2
41275,1,1
41276,1,1
41277,1,1
41278,1,1
41279,2,2
41280,1,1
41281,3,3
41282,1,1
41283,1,1
41284,1,1
41285,1,1
41286,5,3
41287,1,1
41288,1,1
41289,3,3
41290,2,2
41291,4,2
41292,1,1
41293,3,2
41294,1,1
41295,7,4
41296,1,1
41297,1,1
41298,1,1
41299,1,1
41300,1,1
41301,6,5
41302,1,1
41303,1,1
41304,2,2
41305,1,1
41306,1,1
41307,2,2
41308,1,1
41309,1,1
41310,1,1
41311,1,1
41312,3,3
41313,1,1
41314,1,1
41315,3,3
41316,2,2
41317,1,1
41318,1,1
41319,3,3
41320,2,2
41321,2,1
41322,2,2
41323,1,1
41324,5,5
41325,1,1
41326,1,1
41327,1,1
41328,1,1
41329,1,1
41330,1,1
41331,1,1
41332,154,39
41333,1,1
41334,1,1
41335,1,1
41336,1,1
41337,2,2
41338,6,4
41339,2,2
41340,1,1
41341,1,1
41342,2,2
41343,1,1
41344,1,1
41345,17,11
41346,1,1
41347,2,2
41348,1,1
41349,3,2
41350,1,1
41351,3,2
41352,1,1
41353,1,1
41354,1,1
41355,4,3
41356,10,4
41357,2,2
41358,4,4
41359,2,2
41360,1,1
41361,2,1
41362,2,1
41363,1,1
41364,1,1
41365,1,1
41366,1,1
41367,1,1
41368,1,1
41369,4,3
41370,1,1
41371,3,2
41372,1,1
41373,1,1
41374,1,1
41375,1,1
41376,1,1
41377,1,1
41378,13,7
41379,1,1
41380,8,5
41381,2,2
41382,1,1
41383,1,1
41384,2,1
41385,1,1
41386,1,1
41387,3,2
41388,3,2
41389,1,1
41390,1,1
41391,1,1
41392,1,1
41393,2,1
41394,1,1
41395,1,1
41396,1,1
41397,1,1
41398,1,1
41399,1,1
41400,1,1
41401,1,1
41402,3,3
41403,1,1
41404,3,2
41405,2,2
41406,4,2
41407,1,1
41408,5,2
41409,1,1
41410,5,4
41411,2,1
41412,6,4
41413,3,3
41414,1,1
41415,2,2
41416,1,1
41417,1,1
41418,1,1
41419,1,1
41420,1,1
41421,1,1
41422,1,1
41423,1,1
41424,3,2
41425,1,1
41426,7,4
41427,1,1
41428,1,1
41429,1,1
41430,1,1
41431,5,4
41432,3,2
41433,1,1
41434,1,1
41435,1,1
41436,1,1
41437,1,1
41438,1,1
41439,24,10
41440,1,1
41441,1,1
41442,4,4
41443,1,1
41444,1,1
41445,1,1
41446,2,1
41447,1,1
41448,3,3
41449,1,1
41450,1,1
41451,1,1
41452,8,6
41453,13,8
41454,2,2
41455,1,1
41456,3,3
41457,9,6
41458,2,1
41459,1,1
41460,1,1
41461,1,1
41462,1,1
41463,1,1
41464,1,1
41465,1,1
41466,1,1
41467,1,1
41468,3,2
41469,1,1
41470,1,1
41471,1,1
41472,1,1
41473,12,6
41474,1,1
41475,3,2
41476,2,2
41477,1,1
41478,1,1
41479,1,1
41480,1,1
41481,1,1
41482,2,2
41483,3,2
41484,1,1
41485,1,1
41486,1,1
41487,1,1
41488,1,1
41489,2,2
41490,1,1
41491,25,11
41492,1,1
41493,2,2
41494,4,3
41495,3,3
41496,1,1
41497,1,1
41498,32,18
41499,4,4
41500,1,1
41501,1,1
41502,2,2
41503,4,4
41504,5,3
41505,1,1
41506,1,1
41507,1,1
41508,3,2
41509,2,1
41510,1,1
41511,1,1
41512,1,1
41513,1,1
41514,1,1
41515,3,3
41516,1,1
41517,2,2
41518,2,1
41519,1,1
41520,3,3
41521,3,1
41522,1,1
41523,1,1
41524,1,1
41525,1,1
41526,1,1
41527,3,2
41528,1,1
41529,1,1
41530,11,8
41531,1,1
41532,3,3
41533,3,3
41534,3,3
41535,6,6
41536,7,7
41537,5,5
41538,3,3
41539,8,4
41540,5,3
41541,9,7
41542,1,1
41543,1,1
41544,1,1
41545,2,2
41546,1,1
41547,1,1
41548,1,1
41549,14,7
41550,3,3
41551,1,1
41552,13,7
41553,7,5
41554,3,3
41555,1,1
41556,22,7
41557,2,2
41558,4,3
41559,2,2
41560,1,1
41561,1,1
41562,4,4
41563,2,1
41564,8,5
41565,2,2
41566,5,3
41567,1,1
41568,1,1
41569,1,1
41570,1,1
41571,1,1
41572,2,2
41573,1,1
41574,2,1
41575,1,1
41576,10,5
41577,37,24
41578,2,2
41579,3,3
41580,1,1
41581,1,1
41582,11,7
41583,5,5
41584,1,1
41585,26,10
41586,9,4
41587,3,2
41588,1,1
41589,1,1
41590,1,1
41591,3,2
41592,1,1
41593,3,3
41594,10,7
41595,1,1
41596,3,3
41597,1,1
41598,1,1
41599,12,7
41600,2,2
41601,6,4
41602,1,1
41603,1,1
41604,1,1
41605,3,2
41606,1,1
41607,26,11
41608,1,1
41609,1,1
41610,1,1
41611,1,1
41612,1,1
41613,1,1
41614,1,1
41615,1,1
41616,1,1
41617,1,1
41618,4,4
41619,1,1
41620,21,14
41621,1,1
41622,3,3
41623,4,3
41624,2,2
41625,2,2
41626,1,1
41627,1,1
41628,1,1
41629,1,1
41630,5,4
41631,1,1
41632,1,1
41633,1,1
41634,3,3
41635,4,4
41636,1,1
41637,2,2
41638,2,2
41639,1,1
41640,2,2
41641,1,1
41642,4,3
41643,3,3
41644,2,2
41645,2,2
41646,2,2
41647,2,2
41648,1,1
41649,2,1
41650,4,3
41651,2,2
41652,5,3
41653,1,1
41654,1,1
41655,12,5
41656,1,1
41657,1,1
41658,1,1
41659,1,1
41660,1,1
41661,4,2
41662,1,1
41663,2,2
41664,2,2
41665,1,1
41666,1,1
41667,1,1
41668,1,1
41669,1,1
41670,4,4
41671,4,3
41672,1,1
41673,1,1
41674,1,1
41675,1,1
41676,4,1
41677,3,2
41678,2,2
41679,1,1
41680,1,1
41681,2,2
41682,1,1
41683,13,9
41684,1,1
41685,4,3
41686,1,1
41687,6,4
41688,1,1
41689,4,3
41690,2,2
41691,1,1
41692,1,1
41693,1,1
41694,1,1
41695,3,2
41696,1,1
41697,1,1
41698,2,1
41699,2,1
41700,1,1
41701,1,1
41702,13,6
41703,3,3
41704,1,1
41705,7,4
41706,1,1
41707,1,1
41708,1,1
41709,1,1
41710,1,1
41711,1,1
41712,1,1
41713,1,1
41714,1,1
41715,1,1
41716,1,1
41717,1,1
41718,1,1
41719,5,4
41720,1,1
41721,1,1
41722,1,1
41723,4,2
41724,1,1
41725,38,22
41726,2,2
41727,1,1
41728,93,21
41729,1,1
41730,21,15
41731,1,1
41732,16,10
41733,2,1
41734,1,1
41735,1,1
41736,25,12
41737,1,1
41738,1,1
41739,1,1
41740,6,6
41741,2,2
41742,1,1
41743,1,1
41744,4,3
41745,33,21
41746,2,2
41747,1,1
41748,2,2
41749,5,4
41750,3,2
41751,1,1
41752,1,1
41753,8,6
41754,3,2
41755,2,2
41756,1,1
41757,2,2
41758,1,1
41759,1,1
41760,1,1
41761,1,1
41762,1,1
41763,2,2
41764,1,1
41765,1,1
41766,1,1
41767,1,1
41768,5,2
41769,1,1
41770,3,2
41771,4,4
41772,3,3
41773,2,2
41774,2,2
41775,1,1
41776,1,1
41777,1,1
41778,2,2
41779,2,2
41780,1,1
41781,1,1
41782,1,1
41783,2,2
41784,12,9
41785,31,31
41786,1,1
41787,5,4
41788,4,2
41789,5,5
41790,1,1
41791,1,1
41792,2,2
41793,2,2
41794,1,1
41795,17,11
41796,2,2
41797,1,1
41798,1,1
41799,4,2
41800,2,2
41801,1,1
41802,1,1
41803,2,2
41804,5,5
41805,1,1
41806,2,2
41807,1,1
41808,1,1
41809,2,2
41810,1,1
41811,4,3
41812,3,3
41813,10,7
41814,1,1
41815,3,2
41816,4,3
41817,1,1
41818,2,2
41819,3,3
41820,1,1
41821,1,1
41822,6,5
41823,1,1
41824,1,1
41825,2,2
41826,1,1
41827,1,1
41828,3,2
41829,1,1
41830,2,2
41831,1,1
41832,1,1
41833,2,2
41834,1,1
41835,1,1
41836,1,1
41837,3,2
41838,1,1
41839,1,1
41840,1,1
41841,1,1
41842,3,2
41843,2,1
41844,1,1
41845,1,1
41846,2,1
41847,1,1
41848,1,1
41849,3,3
41850,1,1
41851,1,1
41852,11,5
41853,2,2
41854,33,17
41855,4,3
41856,1,1
41857,4,4
41858,1,1
41859,1,1
41860,1,1
41861,1,1
41862,1,1
41863,1,1
41864,1,1
41865,1,1
41866,1,1
41867,1,1
41868,1,1
41869,5,4
41870,2,2
41871,1,1
41872,1,1
41873,1,1
41874,17,10
41875,1,1
41876,1,1
41877,2,1
41878,2,2
41879,1,1
41880,2,2
41881,1,1
41882,1,1
41883,1,1
41884,5,4
41885,1,1
41886,1,1
41887,1,1
41888,7,3
41889,3,3
41890,1,1
41891,16,9
41892,1,1
41893,1,1
41894,2,2
41895,1,1
41896,1,1
41897,1,1
41898,3,2
41899,1,1
41900,1,1
41901,4,3
41902,1,1
41903,35,9
41904,3,3
41905,3,2
41906,2,2
41907,4,3
41908,6,4
41909,1,1
41910,1,1
41911,1,1
41912,2,2
41913,1,1
41914,1,1
41915,1,1
41916,9,3
41917,23,18
41918,1,1
41919,2,2
41920,1,1
41921,2,2
41922,1,1
41923,3,2
41924,1,1
41925,3,2
41926,1,1
41927,1,1
41928,1,1
41929,1,1
41930,2,2
41931,18,12
41932,1,1
41933,22,21
41934,6,5
41935,1,1
41936,43,28
41937,1,1
41938,4,3
41939,1,1
41940,1,1
41941,1,1
41942,1,1
41943,1,1
41944,1,1
41945,3,3
41946,1,1
41947,1,1
41948,1,1
41949,2,1
41950,1,1
41951,1,1
41952,1,1
41953,3,2
41954,1,1
41955,4,2
41956,2,1
41957,1,1
41958,1,1
41959,2,2
41960,2,1
41961,2,2
41962,1,1
41963,1,1
41964,3,3
41965,1,1
41966,1,1
41967,1,1
41968,1,1
41969,4,4
41970,14,13
41971,1,1
41972,3,2
41973,1,1
41974,1,1
41975,1,1
41976,1,1
41977,1,1
41978,15,11
41979,1,1
41980,10,5
41981,1,1
41982,1,1
41983,4,3
41984,1,1
41985,1,1
41986,1,1
41987,2,2
41988,12,6
41989,4,3
41990,1,1
41991,1,1
41992,1,1
41993,6,5
41994,1,1
41995,2,1
41996,1,1
41997,1,1
41998,1,1
41999,1,1
42000,1,1
42001,1,1
42002,1,1
42003,3,3
42004,1,1
42005,1,1
42006,3,2
42007,1,1
42008,1,1
42009,4,3
42010,1,1
42011,2,2
42012,3,2
42013,2,2
42014,1,1
42015,1,1
42016,1,1
42017,1,1
42018,1,1
42019,4,3
42020,2,1
42021,10,7
42022,1,1
42023,1,1
42024,1,1
42025,1,1
42026,1,1
42027,1,1
42028,1,1
42029,1,1
42030,2,2
42031,1,1
42032,1,1
42033,1,1
42034,1,1
42035,1,1
42036,5,4
42037,1,1
42038,1,1
42039,6,3
42040,2,2
42041,16,9
42042,1,1
42043,8,5
42044,1,1
42045,1,1
42046,4,3
42047,1,1
42048,1,1
42049,1,1
42050,1,1
42051,1,1
42052,1,1
42053,1,1
42054,3,3
42055,1,1
42056,5,4
42057,1,1
42058,1,1
42059,2,1
42060,1,1
42061,1,1
42062,3,2
42063,1,1
42064,1,1
42065,3,3
42066,1,1
42067,6,4
42068,1,1
42069,1,1
42070,1,1
42071,1,1
42072,1,1
42073,1,1
42074,8,4
42075,2,2
42076,1,1
42077,1,1
42078,1,1
42079,1,1
42080,1,1
42081,1,1
42082,15,7
42083,1,1
42084,1,1
42085,1,1
42086,1,1
42087,1,1
42088,2,2
42089,7,4
42090,7,4
42091,1,1
42092,5,4
42093,1,1
42094,1,1
42095,2,1
42096,1,1
42097,3,3
42098,2,2
42099,1,1
42100,10,9
42101,1,1
42102,1,1
42103,2,2
42104,1,1
42105,1,1
42106,1,1
42107,6,4
42108,2,2
42109,1,1
42110,1,1
42111,2,2
42112,2,1
42113,1,1
42114,1,1
42115,1,1
42116,6,4
42117,2,2
42118,1,1
42119,1,1
42120,1,1
42121,2,2
42122,1,1
42123,1,1
42124,1,1
42125,1,1
42126,1,1
42127,1,1
42128,5,4
42129,1,1
42130,1,1
42131,4,4
42132,1,1
42133,3,2
42134,2,2
42135,2,2
42136,1,1
42137,5,3
42138,3,3
42139,3,2
42140,3,2
42141,3,2
42142,1,1
42143,1,1
42144,1,1
42145,1,1
42146,2,1
42147,4,4
42148,1,1
42149,2,2
42150,1,1
42151,1,1
42152,1,1
42153,4,3
42154,1,1
42155,1,1
42156,1,1
42157,1,1
42158,1,1
42159,1,1
42160,1,1
42161,3,2
42162,1,1
42163,1,1
42164,14,6
42165,58,40
42166,2,2
42167,1,1
42168,2,2
42169,1,1
42170,1,1
42171,2,1
42172,5,5
42173,1,1
42174,1,1
42175,3,2
42176,11,8
42177,4,3
42178,1,1
42179,1,1
42180,1,1
42181,4,2
42182,1,1
42183,1,1
42184,1,1
42185,1,1
42186,1,1
42187,2,2
42188,1,1
42189,1,1
42190,1,1
42191,1,1
42192,1,1
42193,2,1
42194,7,4
42195,8,5
42196,1,1
42197,1,1
42198,2,2
42199,2,1
42200,2,1
42201,2,2
42202,1,1
42203,3,2
42204,5,4
42205,1,1
42206,1,1
42207,4,3
42208,1,1
42209,7,5
42210,1,1
42211,4,3
42212,4,4
42213,1,1
42214,1,1
42215,1,1
42216,2,2
42217,1,1
42218,1,1
42219,4,4
42220,1,1
42221,1,1
42222,1,1
42223,1,1
42224,2,2
42225,2,2
42226,9,6
42227,1,1
42228,1,1
42229,1,1
42230,15,13
42231,1,1
42232,1,1
42233,1,1
42234,2,2
42235,1,1
42236,1,1
42237,1,1
42238,1,1
42239,4,3
42240,4,3
42241,2,2
42242,1,1
42243,3,2
42244,1,1
42245,1,1
42246,1,1
42247,1,1
42248,2,2
42249,3,2
42250,1,1
42251,1,1
42252,9,7
42253,2,1
42254,1,1
42255,1,1
42256,2,1
42257,9,6
42258,1,1
42259,1,1
42260,1,1
42261,1,1
42262,1,1
42263,1,1
42264,1,1
42265,1,1
42266,4,3
42267,1,1
42268,1,1
42269,4,4
42270,6,6
42271,2,1
42272,1,1
42273,1,1
42274,1,1
42275,1,1
42276,3,2
42277,22,9
42278,3,3
42279,1,1
42280,1,1
42281,2,1
42282,1,1
42283,1,1
42284,1,1
42285,3,2
42286,2,2
42287,1,1
42288,1,1
42289,1,1
42290,82,29
42291,2,1
42292,1,1
42293,2,2
42294,1,1
42295,1,1
42296,4,3
42297,1,1
42298,4,3
42299,1,1
42300,1,1
42301,2,2
42302,1,1
42303,2,2
42304,1,1
42305,1,1
42306,3,2
42307,1,1
42308,2,2
42309,77,26
42310,2,2
42311,8,6
42312,1,1
42313,1,1
42314,1,1
42315,11,11
42316,1,1
42317,1,1
42318,3,2
42319,7,5
42320,15,7
42321,2,2
42322,1,1
42323,2,2
42324,1,1
42325,1,1
42326,2,1
42327,34,12
42328,4,3
42329,1,1
42330,1,1
42331,2,1
42332,1,1
42333,2,2
42334,4,3
42335,1,1
42336,9,7
42337,1,1
42338,1,1
42339,1,1
42340,1,1
42341,1,1
42342,1,1
42343,1,1
42344,11,8
42345,3,3
42346,2,2
42347,4,3
42348,1,1
42349,3,3
42350,5,5
42351,1,1
42352,1,1
42353,12,7
42354,1,1
42355,1,1
42356,4,2
42357,23,13
42358,1,1
42359,1,1
42360,1,1
42361,2,2
42362,1,1
42363,1,1
42364,1,1
42365,1,1
42366,1,1
42367,1,1
42368,6,4
42369,1,1
42370,1,1
42371,4,3
42372,12,9
42373,1,1
42374,3,2
42375,3,1
42376,1,1
42377,1,1
42378,1,1
42379,5,4
42380,1,1
42381,4,4
42382,5,2
42383,1,1
42384,6,6
42385,1,1
42386,1,1
42387,3,2
42388,1,1
42389,1,1
42390,1,1
42391,1,1
42392,1,1
42393,1,1
42394,1,1
42395,1,1
42396,1,1
42397,8,6
42398,1,1
42399,3,3
42400,2,2
42401,1,1
42402,1,1
42403,1,1
42404,3,3
42405,2,2
42406,1,1
42407,2,2
42408,2,1
42409,1,1
42410,1,1
42411,3,2
42412,27,9
42413,1,1
42414,1,1
42415,1,1
42416,5,3
42417,1,1
42418,1,1
42419,1,1
42420,1,1
42421,2,2
42422,1,1
42423,1,1
42424,2,2
42425,1,1
42426,1,1
42427,6,6
42428,1,1
42429,1,1
42430,3,2
42431,1,1
42432,2,2
42433,1,1
42434,1,1
42435,1,1
42436,10,10
42437,1,1
42438,4,4
42439,1,1
42440,1,1
42441,1,1
42442,2,2
42443,1,1
42444,1,1
42445,1,1
42446,2,2
42447,1,1
42448,1,1
42449,1,1
42450,6,4
42451,1,1
42452,1,1
42453,1,1
42454,1,1
42455,1,1
42456,1,1
42457,4,2
42458,1,1
42459,5,3
42460,15,8
42461,1,1
42462,1,1
42463,1,1
42464,1,1
42465,6,3
42466,1,1
42467,1,1
42468,1,1
42469,1,1
42470,1,1
42471,1,1
42472,1,1
42473,1,1
42474,1,1
42475,1,1
42476,1,1
42477,1,1
42478,1,1
42479,5,4
42480,1,1
42481,2,1
42482,2,2
42483,1,1
42484,5,5
42485,1,1
42486,1,1
42487,1,1
42488,1,1
42489,3,3
42490,1,1
42491,2,2
42492,1,1
42493,1,1
42494,2,1
42495,3,2
42496,1,1
42497,1,1
42498,1,1
42499,1,1
42500,1,1
42501,1,1
42502,2,2
42503,9,8
42504,2,1
42505,1,1
42506,1,1
42507,1,1
42508,2,2
42509,4,3
42510,12,7
42511,6,4
42512,2,1
42513,1,1
42514,2,2
42515,1,1
42516,1,1
42517,1,1
42518,2,2
42519,2,2
42520,3,3
42521,1,1
42522,1,1
42523,2,1
42524,2,2
42525,2,2
42526,4,3
42527,1,1
42528,3,3
42529,1,1
42530,8,6
42531,2,2
42532,1,1
42533,3,2
42534,2,2
42535,1,1
42536,1,1
42537,4,4
42538,12,9
42539,1,1
42540,5,5
42541,1,1
42542,1,1
42543,1,1
42544,1,1
42545,1,1
42546,5,2
42547,5,3
42548,2,2
42549,2,2
42550,1,1
42551,1,1
42552,3,1
42553,1,1
42554,3,2
42555,20,18
42556,1,1
42557,1,1
42558,1,1
42559,3,2
42560,1,1
42561,3,2
42562,2,1
42563,2,2
42564,1,1
42565,1,1
42566,1,1
42567,3,2
42568,2,2
42569,3,3
42570,2,1
42571,1,1
42572,1,1
42573,73,32
42574,2,1
42575,2,2
42576,1,1
42577,1,1
42578,3,2
42579,1,1
42580,1,1
42581,1,1
42582,1,1
42583,1,1
42584,1,1
42585,4,2
42586,1,1
42587,1,1
42588,1,1
42589,1,1
42590,2,2
42591,12,7
42592,1,1
42593,1,1
42594,1,1
42595,1,1
42596,1,1
42597,1,1
42598,1,1
42599,1,1
42600,1,1
42601,8,5
42602,1,1
42603,2,2
42604,1,1
42605,1,1
42606,3,2
42607,1,1
42608,1,1
42609,1,1
42610,1,1
42611,3,2
42612,1,1
42613,2,2
42614,1,1
42615,4,3
42616,2,2
42617,2,1
42618,2,2
42619,1,1
42620,2,1
42621,1,1
42622,2,2
42623,1,1
42624,2,2
42625,6,3
42626,1,1
42627,5,3
42628,1,1
42629,1,1
42630,1,1
42631,1,1
42632,1,1
42633,1,1
42634,1,1
42635,1,1
42636,2,1
42637,1,1
42638,1,1
42639,2,2
42640,3,2
42641,8,6
42642,41,23
42643,1,1
42644,7,5
42645,1,1
42646,1,1
42647,1,1
42648,2,2
42649,4,4
42650,1,1
42651,1,1
42652,8,5
42653,1,1
42654,1,1
42655,3,2
42656,1,1
42657,7,5
42658,1,1
42659,1,1
42660,2,1
42661,1,1
42662,8,5
42663,1,1
42664,1,1
42665,2,2
42666,1,1
42667,2,2
42668,1,1
42669,10,7
42670,1,1
42671,1,1
42672,1,1
42673,1,1
42674,1,1
42675,1,1
42676,1,1
42677,1,1
42678,1,1
42679,6,5
42680,1,1
42681,1,1
42682,1,1
42683,2,2
42684,4,3
42685,1,1
42686,1,1
42687,2,2
42688,1,1
42689,1,1
42690,2,2
42691,20,15
42692,1,1
42693,2,1
42694,2,1
42695,1,1
42696,1,1
42697,1,1
42698,1,1
42699,1,1
42700,2,2
42701,1,1
42702,1,1
42703,1,1
42704,1,1
42705,1,1
42706,5,4
42707,1,1
42708,1,1
42709,1,1
42710,2,2
42711,1,1
42712,2,2
42713,1,1
42714,3,3
42715,2,2
42716,1,1
42717,1,1
42718,2,2
42719,1,1
42720,1,1
42721,1,1
42722,4,3
42723,2,2
42724,4,3
42725,1,1
42726,2,2
42727,14,5
42728,1,1
42729,1,1
42730,1,1
42731,1,1
42732,1,1
42733,1,1
42734,1,1
42735,2,2
42736,8,7
42737,1,1
42738,58,32
42739,3,3
42740,3,2
42741,1,1
42742,3,2
42743,2,2
42744,1,1
42745,2,2
42746,1,1
42747,1,1
42748,1,1
42749,1,1
42750,1,1
42751,1,1
42752,1,1
42753,2,2
42754,1,1
42755,3,2
42756,1,1
42757,1,1
42758,1,1
42759,7,5
42760,1,1
42761,1,1
42762,1,1
42763,1,1
42764,2,1
42765,1,1
42766,4,4
42767,3,3
42768,2,1
42769,2,2
42770,1,1
42771,1,1
42772,1,1
42773,1,1
42774,1,1
42775,1,1
42776,2,2
42777,1,1
42778,1,1
42779,1,1
42780,1,1
42781,10,6
42782,2,2
42783,2,2
42784,41,24
42785,1,1
42786,1,1
42787,1,1
42788,1,1
42789,27,16
42790,1,1
42791,1,1
42792,1,1
42793,1,1
42794,1,1
42795,1,1
42796,1,1
42797,1,1
42798,1,1
42799,1,1
42800,1,1
42801,2,2
42802,1,1
42803,1,1
42804,3,3
42805,1,1
42806,1,1
42807,2,2
42808,4,4
42809,1,1
42810,1,1
42811,1,1
42812,1,1
42813,2,2
42814,1,1
42815,1,1
42816,1,1
42817,1,1
42818,1,1
42819,2,2
42820,6,5
42821,2,2
42822,2,1
42823,2,2
42824,1,1
42825,1,1
42826,1,1
42827,2,2
42828,1,1
42829,1,1
42830,1,1
42831,3,3
42832,1,1
42833,5,5
42834,1,1
42835,1,1
42836,4,2
42837,1,1
42838,1,1
42839,4,2
42840,1,1
42841,2,2
42842,1,1
42843,1,1
42844,1,1
42845,1,1
42846,1,1
42847,2,2
42848,1,1
42849,1,1
42850,1,1
42851,2,2
42852,1,1
42853,1,1
42854,3,2
42855,1,1
42856,1,1
42857,1,1
42858,1,1
42859,1,1
42860,1,1
42861,4,3
42862,1,1
42863,3,3
42864,1,1
42865,1,1
42866,2,1
42867,1,1
42868,23,11
42869,1,1
42870,1,1
42871,2,2
42872,1,1
42873,1,1
42874,1,1
42875,1,1
42876,3,2
42877,1,1
42878,5,3
42879,1,1
42880,1,1
42881,1,1
42882,5,3
42883,1,1
42884,2,2
42885,2,1
42886,1,1
42887,1,1
42888,1,1
42889,1,1
42890,1,1
42891,1,1
42892,1,1
42893,1,1
42894,1,1
42895,3,2
42896,1,1
42897,1,1
42898,4,4
42899,1,1
42900,49,29
42901,2,2
42902,1,1
42903,1,1
42904,2,2
42905,2,2
42906,3,3
42907,1,1
42908,2,2
42909,1,1
42910,2,2
42911,56,27
42912,2,2
42913,4,4
42914,1,1
42915,1,1
42916,6,2
42917,2,2
42918,2,2
42919,3,3
42920,2,2
42921,3,3
42922,1,1
42923,2,2
42924,30,17
42925,1,1
42926,1,1
42927,1,1
42928,1,1
42929,23,11
42930,4,2
42931,1,1
42932,1,1
42933,1,1
42934,3,2
42935,1,1
42936,1,1
42937,2,2
42938,2,2
42939,4,4
42940,7,7
42941,2,2
42942,2,2
42943,6,3
42944,1,1
42945,1,1
42946,4,2
42947,4,2
42948,2,2
42949,6,5
42950,3,3
42951,2,2
42952,3,2
42953,8,6
42954,2,2
42955,2,2
42956,1,1
42957,2,2
42958,3,3
42959,1,1
42960,1,1
42961,2,2
42962,1,1
42963,1,1
42964,3,2
42965,1,1
42966,23,10
42967,1,1
42968,3,3
42969,1,1
42970,1,1
42971,1,1
42972,1,1
42973,1,1
42974,1,1
42975,1,1
42976,46,23
42977,1,1
42978,1,1
42979,1,1
42980,1,1
42981,1,1
42982,1,1
42983,3,2
42984,1,1
42985,1,1
42986,1,1
42987,9,7
42988,3,2
42989,1,1
42990,4,3
42991,3,2
42992,3,2
42993,4,2
42994,1,1
42995,2,2
42996,1,1
42997,1,1
42998,1,1
42999,1,1
43000,1,1
43001,2,2
43002,2,2
43003,5,3
43004,1,1
43005,1,1
43006,1,1
43007,2,2
43008,1,1
43009,1,1
43010,1,1
43011,1,1
43012,8,6
43013,3,2
43014,2,2
43015,3,3
43016,1,1
43017,2,2
43018,7,7
43019,1,1
43020,1,1
43021,1,1
43022,1,1
43023,1,1
43024,2,1
43025,1,1
43026,2,2
43027,1,1
43028,1,1
43029,1,1
43030,1,1
43031,1,1
43032,1,1
43033,2,1
43034,1,1
43035,2,2
43036,1,1
43037,1,1
43038,1,1
43039,3,2
43040,1,1
43041,3,2
43042,1,1
43043,1,1
43044,1,1
43045,1,1
43046,1,1
43047,14,9
43048,1,1
43049,1,1
43050,1,1
43051,2,2
43052,2,2
43053,1,1
43054,1,1
43055,1,1
43056,1,1
43057,1,1
43058,1,1
43059,6,5
43060,1,1
43061,1,1
43062,4,3
43063,2,2
43064,4,3
43065,4,3
43066,13,8
43067,2,2
43068,1,1
43069,6,3
43070,1,1
43071,2,2
43072,1,1
43073,1,1
43074,1,1
43075,1,1
43076,1,1
43077,39,22
43078,2,1
43079,4,2
43080,1,1
43081,10,4
43082,1,1
43083,4,4
43084,1,1
43085,9,9
43086,1,1
43087,3,3
43088,2,2
43089,1,1
43090,1,1
43091,26,12
43092,2,2
43093,2,2
43094,2,2
43095,4,3
43096,1,1
43097,1,1
43098,2,2
43099,1,1
43100,1,1
43101,6,6
43102,1,1
43103,1,1
43104,1,1
43105,9,4
43106,1,1
43107,1,1
43108,1,1
43109,3,2
43110,1,1
43111,2,2
43112,1,1
43113,1,1
43114,1,1
43115,5,5
43116,1,1
43117,4,3
43118,1,1
43119,1,1
43120,1,1
43121,1,1
43122,14,8
43123,2,1
43124,1,1
43125,1,1
43126,3,2
43127,2,2
43128,1,1
43129,1,1
43130,4,4
43131,1,1
43132,1,1
43133,1,1
43134,10,7
43135,2,2
43136,8,5
43137,4,3
43138,1,1
43139,1,1
43140,2,2
43141,2,2
43142,1,1
43143,1,1
43144,1,1
43145,1,1
43146,1,1
43147,1,1
43148,1,1
43149,1,1
43150,1,1
43151,1,1
43152,21,12
43153,1,1
43154,1,1
43155,1,1
43156,1,1
43157,1,1
43158,1,1
43159,1,1
43160,1,1
43161,1,1
43162,1,1
43163,2,2
43164,2,2
43165,1,1
43166,1,1
43167,3,3
43168,1,1
43169,1,1
43170,10,7
43171,1,1
43172,1,1
43173,1,1
43174,28,20
43175,1,1
43176,1,1
43177,1,1
43178,1,1
43179,2,2
43180,6,2
43181,1,1
43182,1,1
43183,1,1
43184,1,1
43185,11,5
43186,2,2
43187,1,1
43188,2,2
43189,9,5
43190,1,1
43191,2,2
43192,1,1
43193,1,1
43194,2,2
43195,2,1
43196,1,1
43197,1,1
43198,1,1
43199,1,1
43200,1,1
43201,1,1
43202,1,1
43203,3,2
43204,1,1
43205,1,1
43206,1,1
43207,1,1
43208,1,1
43209,1,1
43210,2,2
43211,1,1
43212,1,1
43213,1,1
43214,3,2
43215,1,1
43216,1,1
43217,3,2
43218,1,1
43219,1,1
43220,1,1
43221,1,1
43222,3,2
43223,5,4
43224,1,1
43225,1,1
43226,2,1
43227,1,1
43228,8,5
43229,1,1
43230,1,1
43231,1,1
43232,1,1
43233,2,1
43234,1,1
43235,1,1
43236,1,1
43237,1,1
43238,1,1
43239,1,1
43240,1,1
43241,9,4
43242,7,4
43243,1,1
43244,1,1
43245,1,1
43246,1,1
43247,1,1
43248,1,1
43249,2,2
43250,1,1
43251,2,2
43252,1,1
43253,1,1
43254,1,1
43255,1,1
43256,1,1
43257,5,3
43258,2,1
43259,4,3
43260,1,1
43261,1,1
43262,1,1
43263,1,1
43264,1,1
43265,1,1
43266,1,1
43267,3,2
43268,1,1
43269,3,3
43270,3,3
43271,7,7
43272,8,6
43273,1,1
43274,2,2
43275,9,7
43276,1,1
43277,2,2
43278,1,1
43279,1,1
43280,1,1
43281,5,3
43282,1,1
43283,1,1
43284,1,1
43285,1,1
43286,4,3
43287,3,3
43288,2,2
43289,40,25
43290,1,1
43291,1,1
43292,1,1
43293,2,2
43294,25,15
43295,1,1
43296,1,1
43297,2,2
43298,2,2
43299,1,1
43300,8,4
43301,1,1
43302,1,1
43303,1,1
43304,5,4
43305,4,3
43306,1,1
43307,1,1
43308,8,4
43309,1,1
43310,3,2
43311,1,1
43312,1,1
43313,1,1
43314,14,7
43315,1,1
43316,13,9
43317,1,1
43318,1,1
43319,1,1
43320,1,1
43321,1,1
43322,9,6
43323,8,6
43324,1,1
43325,1,1
43326,7,7
43327,6,6
43328,25,25
43329,1,1
43330,1,1
43331,1,1
43332,1,1
43333,1,1
43334,1,1
43335,4,4
43336,1,1
43337,6,5
43338,1,1
43339,1,1
43340,6,3
43341,4,3
43342,61,34
43343,1,1
43344,2,2
43345,8,5
43346,1,1
43347,4,2
43348,1,1
43349,1,1
43350,3,2
43351,1,1
43352,1,1
43353,1,1
43354,1,1
43355,1,1
43356,1,1
43357,1,1
43358,1,1
43359,3,3
43360,1,1
43361,1,1
43362,1,1
43363,1,1
43364,2,1
43365,2,2
43366,3,2
43367,1,1
43368,1,1
43369,2,2
43370,2,1
43371,2,1
43372,2,2
43373,4,2
43374,5,4
43375,1,1
43376,1,1
43377,1,1
43378,1,1
43379,2,1
43380,2,1
43381,1,1
43382,1,1
43383,1,1
43384,1,1
43385,1,1
43386,4,3
43387,2,2
43388,2,2
43389,1,1
43390,5,5
43391,1,1
43392,1,1
43393,1,1
43394,1,1
43395,1,1
43396,1,1
43397,4,3
43398,1,1
43399,1,1
43400,2,2
43401,1,1
43402,1,1
43403,3,3
43404,1,1
43405,1,1
43406,1,1
43407,1,1
43408,1,1
43409,1,1
43410,1,1
43411,1,1
43412,2,2
43413,1,1
43414,2,2
43415,1,1
43416,1,1
43417,14,11
43418,2,1
43419,2,2
43420,1,1
43421,1,1
43422,1,1
43423,1,1
43424,1,1
43425,1,1
43426,1,1
43427,5,3
43428,4,3
43429,9,5
43430,1,1
43431,1,1
43432,52,27
43433,1,1
43434,1,1
43435,1,1
43436,3,2
43437,1,1
43438,1,1
43439,1,1
43440,1,1
43441,1,1
43442,2,2
43443,1,1
43444,3,3
43445,1,1
43446,1,1
43447,1,1
43448,4,4
43449,2,2
43450,1,1
43451,2,2
43452,1,1
43453,1,1
43454,1,1
43455,1,1
43456,2,2
43457,2,2
43458,1,1
43459,1,1
43460,1,1
43461,1,1
43462,1,1
43463,1,1
43464,2,2
43465,2,2
43466,1,1
43467,2,2
43468,7,5
43469,1,1
43470,11,5
43471,1,1
43472,1,1
43473,2,1
43474,1,1
43475,9,7
43476,1,1
43477,1,1
43478,1,1
43479,1,1
43480,1,1
43481,4,4
43482,4,4
43483,1,1
43484,1,1
43485,2,2
43486,1,1
43487,1,1
43488,1,1
43489,2,1
43490,6,3
43491,1,1
43492,1,1
43493,2,2
43494,3,2
43495,1,1
43496,1,1
43497,4,3
43498,1,1
43499,1,1
43500,2,2
43501,1,1
43502,1,1
43503,1,1
43504,1,1
43505,1,1
43506,1,1
43507,1,1
43508,2,1
43509,1,1
43510,1,1
43511,1,1
43512,1,1
43513,1,1
43514,2,1
43515,1,1
43516,6,5
43517,3,3
43518,6,4
43519,3,3
43520,1,1
43521,1,1
43522,10,7
43523,2,2
43524,1,1
43525,2,2
43526,1,1
43527,6,4
43528,2,1
43529,1,1
43530,1,1
43531,2,2
43532,1,1
43533,1,1
43534,1,1
43535,1,1
43536,1,1
43537,25,14
43538,1,1
43539,1,1
43540,1,1
43541,6,4
43542,1,1
43543,1,1
43544,1,1
43545,1,1
43546,1,1
43547,1,1
43548,1,1
43549,1,1
43550,1,1
43551,1,1
43552,1,1
43553,1,1
43554,1,1
43555,3,2
43556,1,1
43557,1,1
43558,1,1
43559,3,3
43560,2,2
43561,1,1
43562,3,3
43563,6,5
43564,20,6
43565,3,3
43566,1,1
43567,2,2
43568,8,5
43569,2,2
43570,1,1
43571,1,1
43572,1,1
43573,1,1
43574,1,1
43575,1,1
43576,1,1
43577,1,1
43578,1,1
43579,2,2
43580,1,1
43581,2,1
43582,1,1
43583,1,1
43584,2,2
43585,4,3
43586,2,1
43587,4,3
43588,1,1
43589,1,1
43590,1,1
43591,1,1
43592,1,1
43593,2,1
43594,1,1
43595,1,1
43596,1,1
43597,2,1
43598,3,2
43599,1,1
43600,3,3
43601,1,1
43602,1,1
43603,1,1
43604,1,1
43605,1,1
43606,5,4
43607,4,3
43608,1,1
43609,1,1
43610,1,1
43611,5,4
43612,1,1
43613,1,1
43614,1,1
43615,2,1
43616,1,1
43617,1,1
43618,1,1
43619,1,1
43620,1,1
43621,4,3
43622,1,1
43623,1,1
43624,1,1
43625,1,1
43626,5,4
43627,2,1
43628,1,1
43629,1,1
43630,1,1
43631,1,1
43632,2,2
43633,1,1
43634,1,1
43635,1,1
43636,1,1
43637,2,1
43638,1,1
43639,1,1
43640,1,1
43641,1,1
43642,1,1
43643,1,1
43644,1,1
43645,1,1
43646,2,2
43647,1,1
43648,3,3
43649,1,1
43650,1,1
43651,1,1
43652,1,1
43653,1,1
43654,1,1
43655,1,1
43656,1,1
43657,1,1
43658,5,4
43659,1,1
43660,2,2
43661,3,3
43662,1,1
43663,1,1
43664,2,2
43665,1,1
43666,7,5
43667,1,1
43668,3,2
43669,1,1
43670,1,1
43671,1,1
43672,1,1
43673,2,2
43674,1,1
43675,3,2
43676,1,1
43677,2,2
43678,4,3
43679,6,3
43680,1,1
43681,1,1
43682,1,1
43683,1,1
43684,1,1
43685,1,1
43686,9,9
43687,4,4
43688,1,1
43689,6,4
43690,4,4
43691,2,2
43692,4,4
43693,1,1
43694,5,5
43695,1,1
43696,1,1
43697,1,1
43698,1,1
43699,1,1
43700,6,4
43701,9,3
43702,1,1
43703,1,1
43704,3,2
43705,1,1
43706,1,1
43707,10,7
43708,6,3
43709,1,1
43710,4,3
43711,1,1
43712,1,1
43713,1,1
43714,6,4
43715,2,1
43716,7,6
43717,1,1
43718,1,1
43719,1,1
43720,11,8
43721,1,1
43722,1,1
43723,1,1
43724,1,1
43725,2,2
43726,1,1
43727,1,1
43728,3,2
43729,1,1
43730,1,1
43731,3,2
43732,2,2
43733,1,1
43734,2,2
43735,1,1
43736,2,1
43737,1,1
43738,2,2
43739,1,1
43740,1,1
43741,1,1
43742,1,1
43743,13,9
43744,25,14
43745,1,1
43746,2,1
43747,1,1
43748,31,12
43749,18,11
43750,1,1
43751,1,1
43752,1,1
43753,1,1
43754,1,1
43755,2,2
43756,1,1
43757,4,3
43758,1,1
43759,1,1
43760,1,1
43761,1,1
43762,1,1
43763,1,1
43764,1,1
43765,2,2
43766,1,1
43767,1,1
43768,3,3
43769,2,2
43770,1,1
43771,2,2
43772,1,1
43773,1,1
43774,2,1
43775,2,1
43776,1,1
43777,1,1
43778,1,1
43779,1,1
43780,1,1
43781,1,1
43782,2,2
43783,1,1
43784,2,2
43785,3,3
43786,1,1
43787,1,1
43788,3,2
43789,1,1
43790,10,5
43791,1,1
43792,1,1
43793,1,1
43794,3,1
43795,2,2
43796,1,1
43797,1,1
43798,1,1
43799,1,1
43800,1,1
43801,1,1
43802,2,2
43803,2,1
43804,1,1
43805,1,1
43806,1,1
43807,3,2
43808,5,5
43809,3,3
43810,1,1
43811,1,1
43812,1,1
43813,1,1
43814,7,6
43815,4,4
43816,1,1
43817,1,1
43818,1,1
43819,1,1
43820,1,1
43821,2,2
43822,1,1
43823,11,7
43824,1,1
43825,1,1
43826,1,1
43827,1,1
43828,3,3
43829,2,2
43830,2,1
43831,1,1
43832,1,1
43833,1,1
43834,1,1
43835,1,1
43836,1,1
43837,1,1
43838,1,1
43839,1,1
43840,1,1
43841,2,2
43842,5,4
43843,1,1
43844,1,1
43845,1,1
43846,1,1
43847,1,1
43848,1,1
43849,4,3
43850,1,1
43851,1,1
43852,2,2
43853,1,1
43854,1,1
43855,2,2
43856,6,3
43857,1,1
43858,1,1
43859,2,1
43860,1,1
43861,1,1
43862,1,1
43863,1,1
43864,3,3
43865,3,2
43866,1,1
43867,1,1
43868,1,1
43869,1,1
43870,1,1
43871,1,1
43872,1,1
43873,1,1
43874,2,2
43875,10,4
43876,1,1
43877,1,1
43878,1,1
43879,1,1
43880,1,1
43881,1,1
43882,1,1
43883,3,2
43884,3,3
43885,2,2
43886,2,2
43887,1,1
43888,1,1
43889,12,9
43890,1,1
43891,1,1
43892,1,1
43893,2,2
43894,1,1
43895,1,1
43896,1,1
43897,1,1
43898,1,1
43899,1,1
43900,1,1
43901,1,1
43902,1,1
43903,5,4
43904,3,2
43905,4,3
43906,2,2
43907,4,4
43908,1,1
43909,1,1
43910,2,2
43911,1,1
43912,5,3
43913,1,1
43914,1,1
43915,3,3
43916,1,1
43917,1,1
43918,3,3
43919,1,1
43920,1,1
43921,1,1
43922,1,1
43923,1,1
43924,1,1
43925,3,2
43926,1,1
43927,1,1
43928,2,1
43929,1,1
43930,1,1
43931,7,3
43932,1,1
43933,1,1
43934,1,1
43935,1,1
43936,12,8
43937,1,1
43938,1,1
43939,2,1
43940,2,2
43941,1,1
43942,5,3
43943,1,1
43944,1,1
43945,1,1
43946,3,2
43947,2,1
43948,1,1
43949,2,2
43950,1,1
43951,2,2
43952,2,2
43953,3,3
43954,1,1
43955,1,1
43956,1,1
43957,1,1
43958,2,2
43959,1,1
43960,1,1
43961,1,1
43962,1,1
43963,2,2
43964,1,1
43965,2,2
43966,2,2
43967,2,2
43968,3,3
43969,1,1
43970,25,17
43971,3,3
43972,5,2
43973,1,1
43974,1,1
43975,1,1
43976,1,1
43977,1,1
43978,1,1
43979,1,1
43980,3,2
43981,2,1
43982,2,2
43983,1,1
43984,1,1
43985,4,4
43986,1,1
43987,2,2
43988,1,1
43989,1,1
43990,1,1
43991,1,1
43992,2,1
43993,1,1
43994,1,1
43995,5,5
43996,6,4
43997,5,3
43998,3,3
43999,1,1
44000,1,1
44001,1,1
44002,1,1
44003,2,1
44004,1,1
44005,1,1
44006,1,1
44007,3,3
44008,2,2
44009,2,2
44010,3,2
44011,2,1
44012,1,1
44013,2,2
44014,1,1
44015,4,2
44016,2,2
44017,1,1
44018,1,1
44019,5,3
44020,1,1
44021,1,1
44022,1,1
44023,1,1
44024,1,1
44025,2,2
44026,8,4
44027,1,1
44028,8,4
44029,1,1
44030,1,1
44031,2,2
44032,1,1
44033,1,1
44034,2,2
44035,1,1
44036,1,1
44037,1,1
44038,2,1
44039,2,2
44040,1,1
44041,1,1
44042,1,1
44043,1,1
44044,9,9
44045,1,1
44046,1,1
44047,1,1
44048,1,1
44049,1,1
44050,1,1
44051,1,1
44052,4,3
44053,1,1
44054,4,3
44055,1,1
44056,7,4
44057,2,2
44058,1,1
44059,4,3
44060,2,1
44061,1,1
44062,3,3
44063,3,2
44064,4,2
44065,1,1
44066,1,1
44067,1,1
44068,2,2
44069,1,1
44070,1,1
44071,1,1
44072,1,1
44073,1,1
44074,1,1
44075,1,1
44076,1,1
44077,2,2
44078,1,1
44079,1,1
44080,3,3
44081,1,1
44082,1,1
44083,2,2
44084,1,1
44085,3,3
44086,1,1
44087,1,1
44088,1,1
44089,1,1
44090,1,1
44091,1,1
44092,1,1
44093,2,2
44094,1,1
44095,1,1
44096,1,1
44097,2,2
44098,1,1
44099,1,1
44100,15,9
44101,2,2
44102,1,1
44103,2,2
44104,1,1
44105,1,1
44106,1,1
44107,1,1
44108,1,1
44109,1,1
44110,2,2
44111,2,2
44112,1,1
44113,1,1
44114,1,1
44115,1,1
44116,2,2
44117,1,1
44118,2,2
44119,2,2
44120,1,1
44121,1,1
44122,1,1
44123,1,1
44124,2,1
44125,2,2
44126,1,1
44127,1,1
44128,1,1
44129,1,1
44130,7,6
44131,1,1
44132,2,2
44133,3,3
44134,1,1
44135,1,1
44136,1,1
44137,1,1
44138,1,1
44139,1,1
44140,1,1
44141,26,9
44142,2,2
44143,1,1
44144,1,1
44145,1,1
44146,1,1
44147,2,2
44148,1,1
44149,1,1
44150,1,1
44151,4,2
44152,2,2
44153,1,1
44154,1,1
44155,2,2
44156,5,4
44157,3,2
44158,1,1
44159,1,1
44160,7,7
44161,1,1
44162,2,1
44163,1,1
44164,1,1
44165,1,1
44166,3,3
44167,1,1
44168,1,1
44169,2,2
44170,1,1
44171,1,1
44172,1,1
44173,3,3
44174,16,15
44175,1,1
44176,1,1
44177,2,2
44178,1,1
44179,1,1
44180,1,1
44181,1,1
44182,1,1
44183,1,1
44184,1,1
44185,1,1
44186,1,1
44187,1,1
44188,1,1
44189,12,7
44190,1,1
44191,34,12
44192,3,2
44193,4,4
44194,1,1
44195,1,1
44196,1,1
44197,1,1
44198,6,5
44199,1,1
44200,1,1
44201,2,2
44202,1,1
44203,6,6
44204,1,1
44205,1,1
44206,1,1
44207,9,6
44208,1,1
44209,1,1
44210,1,1
44211,3,1
44212,3,2
44213,1,1
44214,1,1
44215,4,3
44216,1,1
44217,1,1
44218,5,3
44219,2,1
44220,1,1
44221,5,4
44222,3,2
44223,2,2
44224,2,1
44225,3,2
44226,6,4
44227,1,1
44228,1,1
44229,1,1
44230,1,1
44231,1,1
44232,1,1
44233,1,1
44234,9,9
44235,1,1
44236,1,1
44237,3,2
44238,4,4
44239,1,1
44240,1,1
44241,1,1
44242,1,1
44243,1,1
44244,1,1
44245,3,3
44246,1,1
44247,1,1
44248,1,1
44249,2,2
44250,1,1
44251,1,1
44252,1,1
44253,1,1
44254,2,1
44255,1,1
44256,3,2
44257,1,1
44258,1,1
44259,1,1
44260,1,1
44261,1,1
44262,7,5
44263,1,1
44264,1,1
44265,2,2
44266,2,2
44267,4,3
44268,2,2
44269,2,1
44270,1,1
44271,1,1
44272,1,1
44273,3,2
44274,1,1
44275,2,1
44276,3,2
44277,10,4
44278,1,1
44279,2,2
44280,1,1
44281,7,6
44282,2,2
44283,2,1
44284,15,12
44285,4,2
44286,1,1
44287,1,1
44288,2,2
44289,1,1
44290,1,1
44291,2,2
44292,1,1
44293,1,1
44294,3,1
44295,3,2
44296,27,12
44297,2,2
44298,6,5
44299,8,3
44300,2,1
44301,1,1
44302,4,3
44303,1,1
44304,1,1
44305,1,1
44306,4,4
44307,2,2
44308,4,4
44309,1,1
44310,1,1
44311,1,1
44312,4,4
44313,1,1
44314,1,1
44315,4,3
44316,1,1
44317,1,1
44318,2,2
44319,1,1
44320,1,1
44321,1,1
44322,1,1
44323,1,1
44324,1,1
44325,1,1
44326,1,1
44327,3,2
44328,1,1
44329,1,1
44330,4,3
44331,3,2
44332,3,2
44333,1,1
44334,2,2
44335,1,1
44336,1,1
44337,1,1
44338,2,2
44339,1,1
44340,4,2
44341,2,1
44342,2,1
44343,1,1
44344,5,3
44345,1,1
44346,2,1
44347,1,1
44348,1,1
44349,1,1
44350,1,1
44351,1,1
44352,5,4
44353,1,1
44354,2,2
44355,1,1
44356,1,1
44357,7,4
44358,1,1
44359,1,1
44360,1,1
44361,1,1
44362,1,1
44363,1,1
44364,1,1
44365,1,1
44366,2,2
44367,1,1
44368,1,1
44369,15,11
44370,2,2
44371,3,2
44372,3,2
44373,1,1
44374,2,2
44375,1,1
44376,1,1
44377,1,1
44378,1,1
44379,1,1
44380,4,3
44381,1,1
44382,1,1
44383,1,1
44384,1,1
44385,1,1
44386,1,1
44387,2,2
44388,1,1
44389,1,1
44390,1,1
44391,1,1
44392,1,1
44393,1,1
44394,1,1
44395,2,1
44396,1,1
44397,2,2
44398,2,1
44399,3,3
44400,1,1
44401,1,1
44402,1,1
44403,1,1
44404,2,1
44405,1,1
44406,2,1
44407,2,1
44408,1,1
44409,1,1
44410,1,1
44411,1,1
44412,1,1
44413,1,1
44414,4,2
44415,1,1
44416,1,1
44417,3,3
44418,1,1
44419,9,6
44420,1,1
44421,9,5
44422,3,2
44423,4,4
44424,1,1
44425,1,1
44426,2,2
44427,1,1
44428,1,1
44429,1,1
44430,1,1
44431,1,1
44432,3,3
44433,1,1
44434,1,1
44435,2,2
44436,1,1
44437,1,1
44438,1,1
44439,1,1
44440,2,1
44441,1,1
44442,1,1
44443,1,1
44444,1,1
44445,28,13
44446,1,1
44447,2,1
44448,1,1
44449,1,1
44450,15,8
44451,5,3
44452,1,1
44453,3,2
44454,1,1
44455,1,1
44456,1,1
44457,1,1
44458,1,1
44459,1,1
44460,2,2
44461,2,2
44462,1,1
44463,2,1
44464,9,8
44465,2,1
44466,1,1
44467,3,2
44468,4,3
44469,1,1
44470,1,1
44471,1,1
44472,1,1
44473,1,1
44474,2,2
44475,1,1
44476,1,1
44477,5,3
44478,2,2
44479,7,5
44480,1,1
44481,1,1
44482,1,1
44483,1,1
44484,1,1
44485,3,2
44486,1,1
44487,1,1
44488,4,4
44489,2,1
44490,1,1
44491,1,1
44492,1,1
44493,1,1
44494,3,2
44495,6,3
44496,1,1
44497,2,1
44498,1,1
44499,2,2
44500,2,2
44501,3,2
44502,1,1
44503,1,1
44504,1,1
44505,1,1
44506,2,2
44507,1,1
44508,1,1
44509,1,1
44510,1,1
44511,1,1
44512,2,2
44513,3,2
44514,2,1
44515,1,1
44516,2,1
44517,1,1
44518,6,3
44519,1,1
44520,1,1
44521,1,1
44522,1,1
44523,1,1
44524,1,1
44525,2,2
44526,1,1
44527,1,1
44528,4,3
44529,1,1
44530,1,1
44531,14,10
44532,1,1
44533,1,1
44534,1,1
44535,1,1
44536,5,3
44537,1,1
44538,2,2
44539,2,2
44540,2,2
44541,1,1
44542,1,1
44543,1,1
44544,1,1
44545,3,3
44546,2,2
44547,9,6
44548,1,1
44549,1,1
44550,1,1
44551,1,1
44552,1,1
44553,1,1
44554,1,1
44555,1,1
44556,2,2
44557,3,3
44558,1,1
44559,1,1
44560,1,1
44561,1,1
44562,1,1
44563,1,1
44564,3,2
44565,1,1
44566,8,5
44567,3,3
44568,1,1
44569,3,3
44570,1,1
44571,1,1
44572,3,2
44573,1,1
44574,1,1
44575,1,1
44576,1,1
44577,1,1
44578,1,1
44579,2,2
44580,1,1
44581,1,1
44582,3,3
44583,1,1
44584,2,2
44585,2,2
44586,2,2
44587,26,20
44588,2,1
44589,1,1
44590,2,2
44591,1,1
44592,4,2
44593,6,5
44594,1,1
44595,1,1
44596,1,1
44597,2,2
44598,6,5
44599,1,1
44600,1,1
44601,1,1
44602,1,1
44603,1,1
44604,2,2
44605,1,1
44606,1,1
44607,1,1
44608,3,2
44609,6,3
44610,1,1
44611,2,2
44612,1,1
44613,2,2
44614,2,2
44615,1,1
44616,2,2
44617,2,1
44618,1,1
44619,3,3
44620,1,1
44621,1,1
44622,2,2
44623,1,1
44624,7,5
44625,12,6
44626,1,1
44627,1,1
44628,2,2
44629,11,5
44630,1,1
44631,1,1
44632,1,1
44633,63,18
44634,1,1
44635,1,1
44636,3,3
44637,1,1
44638,2,2
44639,1,1
44640,1,1
44641,1,1
44642,5,3
44643,1,1
44644,1,1
44645,2,2
44646,2,2
44647,1,1
44648,1,1
44649,4,2
44650,1,1
44651,1,1
44652,2,2
44653,1,1
44654,2,2
44655,1,1
44656,1,1
44657,1,1
44658,1,1
44659,1,1
44660,2,1
44661,14,9
44662,1,1
44663,2,2
44664,2,1
44665,1,1
44666,2,2
44667,2,1
44668,1,1
44669,1,1
44670,1,1
44671,3,2
44672,2,2
44673,1,1
44674,1,1
44675,1,1
44676,1,1
44677,2,2
44678,2,2
44679,1,1
44680,2,2
44681,10,6
44682,4,2
44683,2,2
44684,3,2
44685,1,1
44686,1,1
44687,1,1
44688,1,1
44689,2,2
44690,2,1
44691,4,4
44692,3,2
44693,2,2
44694,5,4
44695,1,1
44696,3,2
44697,1,1
44698,1,1
44699,4,3
44700,1,1
44701,1,1
44702,3,3
44703,1,1
44704,22,14
44705,1,1
44706,14,9
44707,2,2
44708,1,1
44709,1,1
44710,1,1
44711,7,5
44712,1,1
44713,1,1
44714,1,1
44715,1,1
44716,2,2
44717,1,1
44718,3,3
44719,21,20
44720,1,1
44721,2,2
44722,2,1
44723,1,1
44724,1,1
44725,1,1
44726,4,3
44727,1,1
44728,1,1
44729,1,1
44730,1,1
44731,5,3
44732,3,2
44733,1,1
44734,1,1
44735,2,2
44736,76,27
44737,1,1
44738,1,1
44739,1,1
44740,2,2
44741,1,1
44742,3,1
44743,1,1
44744,1,1
44745,1,1
44746,1,1
44747,1,1
44748,1,1
44749,11,8
44750,2,1
44751,1,1
44752,2,1
44753,1,1
44754,3,2
44755,1,1
44756,4,2
44757,2,2
44758,1,1
44759,1,1
44760,1,1
44761,2,2
44762,2,2
44763,2,2
44764,1,1
44765,1,1
44766,1,1
44767,1,1
44768,1,1
44769,2,2
44770,3,3
44771,6,6
44772,4,4
44773,1,1
44774,11,7
44775,1,1
44776,1,1
44777,2,1
44778,1,1
44779,1,1
44780,1,1
44781,1,1
44782,1,1
44783,1,1
44784,9,6
44785,5,2
44786,8,4
44787,1,1
44788,1,1
44789,1,1
44790,14,10
44791,1,1
44792,2,1
44793,1,1
44794,1,1
44795,1,1
44796,1,1
44797,1,1
44798,1,1
44799,2,2
44800,1,1
44801,6,4
44802,4,2
44803,3,2
44804,1,1
44805,1,1
44806,1,1
44807,77,27
44808,1,1
44809,1,1
44810,1,1
44811,1,1
44812,10,10
44813,1,1
44814,1,1
44815,1,1
44816,1,1
44817,1,1
44818,1,1
44819,1,1
44820,1,1
44821,1,1
44822,1,1
44823,4,2
44824,1,1
44825,29,22
44826,6,5
44827,10,9
44828,2,2
44829,4,3
44830,1,1
44831,4,2
44832,1,1
44833,2,2
44834,1,1
44835,1,1
44836,2,2
44837,6,6
44838,1,1
44839,3,2
44840,1,1
44841,1,1
44842,2,2
44843,1,1
44844,1,1
44845,11,8
44846,1,1
44847,1,1
44848,1,1
44849,1,1
44850,2,2
44851,49,21
44852,1,1
44853,1,1
44854,1,1
44855,1,1
44856,2,2
44857,3,2
44858,1,1
44859,1,1
44860,1,1
44861,1,1
44862,1,1
44863,1,1
44864,1,1
44865,1,1
44866,8,5
44867,3,2
44868,1,1
44869,3,2
44870,3,3
44871,1,1
44872,2,1
44873,5,4
44874,1,1
44875,1,1
44876,1,1
44877,1,1
44878,6,4
44879,1,1
44880,1,1
44881,1,1
44882,1,1
44883,4,3
44884,1,1
44885,1,1
44886,1,1
44887,2,2
44888,1,1
44889,1,1
44890,1,1
44891,3,3
44892,1,1
44893,1,1
44894,3,1
44895,2,1
44896,1,1
44897,1,1
44898,1,1
44899,1,1
44900,1,1
44901,2,1
44902,1,1
44903,2,1
44904,1,1
44905,1,1
44906,1,1
44907,1,1
44908,2,1
44909,1,1
44910,1,1
44911,2,2
44912,1,1
44913,1,1
44914,3,2
44915,1,1
44916,10,6
44917,1,1
44918,2,2
44919,1,1
44920,2,2
44921,1,1
44922,1,1
44923,8,3
44924,1,1
44925,1,1
44926,1,1
44927,1,1
44928,1,1
44929,1,1
44930,3,2
44931,1,1
44932,1,1
44933,3,3
44934,1,1
44935,1,1
44936,2,2
44937,2,1
44938,2,2
44939,1,1
44940,1,1
44941,1,1
44942,1,1
44943,1,1
44944,1,1
44945,1,1
44946,1,1
44947,2,2
44948,1,1
44949,1,1
44950,1,1
44951,1,1
44952,2,2
44953,1,1
44954,2,1
44955,1,1
44956,1,1
44957,1,1
44958,1,1
44959,1,1
44960,8,5
44961,2,2
44962,1,1
44963,1,1
44964,2,2
44965,3,3
44966,5,3
44967,1,1
44968,1,1
44969,1,1
44970,1,1
44971,2,2
44972,17,6
44973,2,2
44974,14,8
44975,1,1
44976,1,1
44977,2,2
44978,1,1
44979,1,1
44980,1,1
44981,4,4
44982,2,2
44983,1,1
44984,10,10
44985,6,6
44986,4,4
44987,7,4
44988,1,1
44989,3,3
44990,8,6
44991,4,3
44992,1,1
44993,1,1
44994,5,4
44995,71,32
44996,1,1
44997,17,13
44998,1,1
44999,2,2
45000,36,14
45001,7,3
45002,3,3
45003,41,22
45004,1,1
45005,2,2
45006,2,1
45007,1,1
45008,1,1
45009,1,1
45010,1,1
45011,1,1
45012,1,1
45013,2,2
45014,4,4
45015,1,1
45016,4,4
45017,4,3
45018,2,2
45019,3,3
45020,12,7
45021,1,1
45022,2,1
45023,1,1
45024,2,2
45025,1,1
45026,1,1
45027,1,1
45028,3,3
45029,1,1
45030,9,6
45031,4,4
45032,1,1
45033,3,3
45034,14,9
45035,1,1
45036,9,8
45037,1,1
45038,10,10
45039,1,1
45040,1,1
45041,6,5
45042,1,1
45043,1,1
45044,1,1
45045,1,1
45046,18,10
45047,4,4
45048,1,1
45049,1,1
45050,3,3
45051,1,1
45052,10,8
45053,3,2
45054,1,1
45055,1,1
45056,16,12
45057,2,1
45058,9,7
45059,1,1
45060,3,3
45061,1,1
45062,11,7
45063,1,1
45064,1,1
45065,1,1
45066,2,2
45067,1,1
45068,5,3
45069,1,1
45070,1,1
45071,2,1
45072,1,1
45073,1,1
45074,1,1
45075,1,1
45076,1,1
45077,1,1
45078,11,6
45079,1,1
45080,1,1
45081,1,1
45082,1,1
45083,3,1
45084,1,1
45085,2,1
45086,1,1
45087,4,3
45088,1,1
45089,1,1
45090,5,4
45091,1,1
45092,1,1
45093,1,1
45094,1,1
45095,1,1
45096,1,1
45097,1,1
45098,1,1
45099,1,1
45100,7,5
45101,1,1
45102,1,1
45103,1,1
45104,1,1
45105,1,1
45106,1,1
45107,1,1
45108,3,3
45109,3,1
45110,2,1
45111,1,1
45112,1,1
45113,13,6
45114,2,1
45115,2,1
45116,1,1
45117,1,1
45118,1,1
45119,1,1
45120,2,2
45121,10,7
45122,1,1
45123,1,1
45124,2,2
45125,1,1
45126,1,1
45127,3,2
45128,1,1
45129,1,1
45130,2,1
45131,3,3
45132,1,1
45133,4,3
45134,1,1
45135,3,3
45136,3,2
45137,1,1
45138,1,1
45139,1,1
45140,1,1
45141,1,1
45142,3,3
45143,2,1
45144,5,3
45145,1,1
45146,2,2
45147,1,1
45148,1,1
45149,1,1
45150,1,1
45151,1,1
45152,4,2
45153,1,1
45154,1,1
45155,3,3
45156,1,1
45157,1,1
45158,2,1
45159,1,1
45160,9,6
45161,1,1
45162,1,1
45163,1,1
45164,1,1
45165,1,1
45166,2,1
45167,1,1
45168,6,5
45169,1,1
45170,1,1
45171,1,1
45172,1,1
45173,1,1
45174,1,1
45175,1,1
45176,1,1
45177,1,1
45178,1,1
45179,1,1
45180,1,1
45181,1,1
45182,1,1
45183,1,1
45184,1,1
45185,2,1
45186,1,1
45187,1,1
45188,16,6
45189,1,1
45190,3,3
45191,1,1
45192,1,1
45193,1,1
45194,1,1
45195,2,2
45196,1,1
45197,3,3
45198,1,1
45199,3,3
45200,1,1
45201,3,2
45202,1,1
45203,3,3
45204,28,12
45205,1,1
45206,1,1
45207,5,3
45208,1,1
45209,1,1
45210,27,18
45211,2,2
45212,2,2
45213,2,2
45214,6,2
45215,1,1
45216,2,2
45217,2,2
45218,1,1
45219,2,1
45220,3,2
45221,1,1
45222,1,1
45223,1,1
45224,1,1
45225,2,2
45226,2,2
45227,3,3
45228,6,3
45229,2,2
45230,1,1
45231,1,1
45232,1,1
45233,2,2
45234,3,2
45235,3,3
45236,2,2
45237,1,1
45238,2,2
45239,1,1
45240,1,1
45241,3,2
45242,1,1
45243,1,1
45244,1,1
45245,1,1
45246,1,1
45247,1,1
45248,1,1
45249,1,1
45250,2,2
45251,4,4
45252,9,5
45253,2,2
45254,3,3
45255,2,2
45256,3,2
45257,31,13
45258,2,2
45259,2,2
45260,2,2
45261,2,2
45262,2,2
45263,4,4
45264,2,2
45265,2,2
45266,5,4
45267,2,2
45268,4,3
45269,3,3
45270,1,1
45271,2,2
45272,1,1
45273,1,1
45274,1,1
45275,1,1
45276,1,1
45277,1,1
45278,1,1
45279,3,3
45280,3,3
45281,1,1
45282,1,1
45283,1,1
45284,2,2
45285,1,1
45286,2,2
45287,2,2
45288,2,2
45289,1,1
45290,2,2
45291,1,1
45292,6,5
45293,3,2
45294,4,3
45295,3,3
45296,1,1
45297,2,2
45298,13,8
45299,1,1
45300,1,1
45301,8,6
45302,1,1
45303,1,1
45304,1,1
45305,5,4
45306,1,1
45307,1,1
45308,2,2
45309,3,3
45310,6,4
45311,1,1
45312,1,1
45313,1,1
45314,1,1
45315,1,1
45316,2,1
45317,1,1
45318,2,1
45319,1,1
45320,1,1
45321,1,1
45322,2,2
45323,13,7
45324,1,1
45325,1,1
45326,1,1
45327,1,1
45328,6,4
45329,4,3
45330,4,3
45331,2,2
45332,9,3
45333,2,2
45334,1,1
45335,2,2
45336,1,1
45337,1,1
45338,2,2
45339,11,6
45340,1,1
45341,1,1
45342,2,1
45343,1,1
45344,1,1
45345,2,2
45346,1,1
45347,1,1
45348,1,1
45349,1,1
45350,1,1
45351,1,1
45352,2,2
45353,1,1
45354,2,1
45355,3,2
45356,2,2
45357,1,1
45358,1,1
45359,1,1
45360,1,1
45361,1,1
45362,3,2
45363,1,1
45364,2,2
45365,10,4
45366,6,2
45367,1,1
45368,1,1
45369,1,1
45370,1,1
45371,7,5
45372,3,2
45373,1,1
45374,1,1
45375,1,1
45376,19,9
45377,3,3
45378,2,2
45379,1,1
45380,1,1
45381,1,1
45382,1,1
45383,1,1
45384,1,1
45385,4,3
45386,1,1
45387,1,1
45388,1,1
45389,1,1
45390,1,1
45391,1,1
45392,2,2
45393,5,3
45394,1,1
45395,25,8
45396,1,1
45397,1,1
45398,3,1
45399,1,1
45400,1,1
45401,11,6
45402,2,2
45403,2,2
45404,7,4
45405,2,2
45406,1,1
45407,2,2
45408,1,1
45409,1,1
45410,3,3
45411,5,4
45412,1,1
45413,1,1
45414,2,2
45415,1,1
45416,3,3
45417,1,1
45418,2,2
45419,1,1
45420,1,1
45421,1,1
45422,2,2
45423,1,1
45424,13,6
45425,1,1
45426,1,1
45427,4,3
45428,4,3
45429,2,2
45430,1,1
45431,1,1
45432,1,1
45433,1,1
45434,1,1
45435,1,1
45436,1,1
45437,1,1
45438,1,1
45439,3,2
45440,1,1
45441,1,1
45442,1,1
45443,1,1
45444,1,1
45445,6,4
45446,1,1
45447,1,1
45448,1,1
45449,1,1
45450,6,6
45451,1,1
45452,1,1
45453,1,1
45454,1,1
45455,2,2
45456,1,1
45457,2,2
45458,1,1
45459,3,2
45460,1,1
45461,1,1
45462,1,1
45463,1,1
45464,1,1
45465,5,4
45466,1,1
45467,1,1
45468,6,4
45469,1,1
45470,2,2
45471,2,2
45472,1,1
45473,2,2
45474,1,1
45475,1,1
45476,2,1
45477,1,1
45478,3,1
45479,1,1
45480,9,4
45481,1,1
45482,1,1
45483,1,1
45484,1,1
45485,1,1
45486,1,1
45487,3,3
45488,1,1
45489,2,2
45490,1,1
45491,1,1
45492,1,1
45493,1,1
45494,1,1
45495,1,1
45496,1,1
45497,1,1
45498,1,1
45499,1,1
45500,1,1
45501,1,1
45502,1,1
45503,2,1
45504,2,2
45505,7,6
45506,3,3
45507,6,4
45508,1,1
45509,2,2
45510,1,1
45511,1,1
45512,1,1
45513,2,2
45514,10,6
45515,2,2
45516,1,1
45517,23,17
45518,1,1
45519,1,1
45520,1,1
45521,1,1
45522,1,1
45523,1,1
45524,1,1
45525,2,2
45526,1,1
45527,1,1
45528,5,4
45529,2,2
45530,2,2
45531,1,1
45532,1,1
45533,2,1
45534,1,1
45535,1,1
45536,1,1
45537,1,1
45538,2,1
45539,1,1
45540,4,3
45541,1,1
45542,2,2
45543,1,1
45544,1,1
45545,1,1
45546,1,1
45547,1,1
45548,1,1
45549,1,1
45550,1,1
45551,1,1
45552,2,2
45553,1,1
45554,1,1
45555,1,1
45556,1,1
45557,2,1
45558,3,2
45559,1,1
45560,1,1
45561,3,2
45562,3,3
45563,1,1
45564,1,1
45565,8,6
45566,1,1
45567,52,19
45568,1,1
45569,1,1
45570,1,1
45571,23,14
45572,1,1
45573,1,1
45574,1,1
45575,6,6
45576,1,1
45577,2,2
45578,3,3
45579,2,1
45580,2,1
45581,1,1
45582,2,1
45583,29,11
45584,1,1
45585,1,1
45586,1,1
45587,3,2
45588,2,2
45589,1,1
45590,1,1
45591,1,1
45592,2,2
45593,9,6
45594,1,1
45595,2,1
45596,1,1
45597,7,7
45598,1,1
45599,1,1
45600,1,1
45601,3,3
45602,3,2
45603,1,1
45604,5,3
45605,1,1
45606,1,1
45607,1,1
45608,1,1
45609,2,2
45610,1,1
45611,2,2
45612,1,1
45613,3,2
45614,8,7
45615,1,1
45616,1,1
45617,1,1
45618,2,1
45619,2,2
45620,2,2
45621,2,2
45622,11,6
45623,1,1
45624,1,1
45625,1,1
45626,1,1
45627,1,1
45628,1,1
45629,1,1
45630,2,1
45631,1,1
45632,3,2
45633,7,7
45634,1,1
45635,1,1
45636,1,1
45637,1,1
45638,1,1
45639,1,1
45640,2,2
45641,1,1
45642,1,1
45643,1,1
45644,2,1
45645,1,1
45646,1,1
45647,2,2
45648,1,1
45649,1,1
45650,1,1
45651,1,1
45652,1,1
45653,1,1
45654,2,1
45655,3,2
45656,1,1
45657,2,2
45658,1,1
45659,1,1
45660,3,3
45661,2,2
45662,1,1
45663,1,1
45664,1,1
45665,2,2
45666,2,2
45667,1,1
45668,5,4
45669,1,1
45670,1,1
45671,2,2
45672,1,1
45673,1,1
45674,1,1
45675,1,1
45676,1,1
45677,9,5
45678,3,3
45679,1,1
45680,1,1
45681,2,2
45682,2,2
45683,2,1
45684,1,1
45685,2,2
45686,1,1
45687,1,1
45688,1,1
45689,2,2
45690,3,2
45691,1,1
45692,1,1
45693,3,3
45694,1,1
45695,4,3
45696,1,1
45697,1,1
45698,1,1
45699,1,1
45700,1,1
45701,1,1
45702,1,1
45703,1,1
45704,4,4
45705,1,1
45706,1,1
45707,4,3
45708,1,1
45709,1,1
45710,1,1
45711,1,1
45712,2,2
45713,1,1
45714,3,2
45715,1,1
45716,1,1
45717,3,3
45718,1,1
45719,1,1
45720,2,1
45721,3,2
45722,1,1
45723,1,1
45724,1,1
45725,1,1
45726,1,1
45727,2,1
45728,16,5
45729,12,8
45730,2,1
45731,1,1
45732,1,1
45733,2,2
45734,1,1
45735,6,4
45736,1,1
45737,1,1
45738,2,2
45739,1,1
45740,1,1
45741,2,2
45742,2,2
45743,1,1
45744,2,2
45745,4,3
45746,3,3
45747,1,1
45748,10,6
45749,1,1
45750,1,1
45751,1,1
45752,1,1
45753,8,4
45754,1,1
45755,1,1
45756,3,1
45757,1,1
45758,1,1
45759,1,1
45760,1,1
45761,1,1
45762,2,2
45763,1,1
45764,1,1
45765,3,2
45766,2,2
45767,1,1
45768,1,1
45769,1,1
45770,4,3
45771,1,1
45772,1,1
45773,1,1
45774,4,4
45775,1,1
45776,2,2
45777,2,2
45778,3,2
45779,5,4
45780,1,1
45781,1,1
45782,1,1
45783,1,1
45784,1,1
45785,1,1
45786,1,1
45787,20,12
45788,1,1
45789,1,1
45790,1,1
45791,1,1
45792,1,1
45793,1,1
45794,1,1
45795,1,1
45796,38,15
45797,6,6
45798,2,2
45799,1,1
45800,1,1
45801,1,1
45802,1,1
45803,1,1
45804,2,1
45805,1,1
45806,1,1
45807,1,1
45808,1,1
45809,1,1
45810,1,1
45811,7,5
45812,1,1
45813,2,1
45814,10,9
45815,6,6
45816,1,1
45817,17,15
45818,7,6
45819,1,1
45820,2,2
45821,1,1
45822,1,1
45823,1,1
45824,1,1
45825,5,5
45826,1,1
45827,1,1
45828,1,1
45829,3,2
45830,1,1
45831,1,1
45832,1,1
45833,1,1
45834,1,1
45835,4,4
45836,1,1
45837,1,1
45838,1,1
45839,1,1
45840,1,1
45841,1,1
45842,1,1
45843,21,14
45844,2,2
45845,1,1
45846,4,3
45847,1,1
45848,3,3
45849,2,2
45850,3,3
45851,1,1
45852,2,2
45853,1,1
45854,1,1
45855,1,1
45856,1,1
45857,1,1
45858,1,1
45859,2,1
45860,5,4
45861,1,1
45862,1,1
45863,1,1
45864,1,1
45865,1,1
45866,2,2
45867,3,2
45868,1,1
45869,4,4
45870,1,1
45871,1,1
45872,1,1
45873,1,1
45874,1,1
45875,1,1
45876,1,1
45877,1,1
45878,1,1
45879,2,2
45880,2,1
45881,1,1
45882,2,2
45883,1,1
45884,2,2
45885,1,1
45886,1,1
45887,8,6
45888,18,9
45889,1,1
45890,1,1
45891,1,1
45892,2,2
45893,1,1
45894,1,1
45895,1,1
45896,3,2
45897,2,2
45898,1,1
45899,1,1
45900,2,1
45901,1,1
45902,1,1
45903,1,1
45904,3,3
45905,1,1
45906,1,1
45907,1,1
45908,1,1
45909,1,1
45910,1,1
45911,2,2
45912,2,1
45913,1,1
45914,1,1
45915,3,2
45916,2,2
45917,1,1
45918,1,1
45919,12,12
45920,2,1
45921,1,1
45922,1,1
45923,8,6
45924,1,1
45925,3,2
45926,2,2
45927,4,3
45928,1,1
45929,1,1
45930,2,2
45931,1,1
45932,3,2
45933,2,1
45934,1,1
45935,1,1
45936,1,1
45937,1,1
45938,1,1
45939,3,2
45940,1,1
45941,5,5
45942,1,1
45943,1,1
45944,1,1
45945,2,2
45946,2,1
45947,1,1
45948,1,1
45949,5,3
45950,1,1
45951,1,1
45952,1,1
45953,1,1
45954,2,2
45955,1,1
45956,1,1
45957,1,1
45958,2,1
45959,2,1
45960,1,1
45961,2,2
45962,4,3
45963,1,1
45964,2,2
45965,3,3
45966,1,1
45967,1,1
45968,1,1
45969,3,2
45970,1,1
45971,2,2
45972,1,1
45973,1,1
45974,6,5
45975,11,7
45976,1,1
45977,1,1
45978,1,1
45979,2,2
45980,2,1
45981,1,1
45982,1,1
45983,1,1
45984,16,9
45985,1,1
45986,36,15
45987,1,1
45988,2,1
45989,1,1
45990,2,2
45991,2,2
45992,1,1
45993,1,1
45994,1,1
45995,1,1
45996,1,1
45997,1,1
45998,5,3
45999,1,1
46000,1,1
46001,13,8
46002,3,1
46003,1,1
46004,1,1
46005,2,2
46006,1,1
46007,1,1
46008,1,1
46009,1,1
46010,1,1
46011,1,1
46012,1,1
46013,1,1
46014,1,1
46015,1,1
46016,3,2
46017,1,1
46018,7,5
46019,1,1
46020,1,1
46021,2,2
46022,1,1
46023,1,1
46024,2,2
46025,3,2
46026,1,1
46027,1,1
46028,2,2
46029,2,1
46030,1,1
46031,1,1
46032,1,1
46033,1,1
46034,3,2
46035,3,3
46036,1,1
46037,1,1
46038,2,2
46039,10,7
46040,1,1
46041,1,1
46042,2,2
46043,1,1
46044,1,1
46045,1,1
46046,1,1
46047,1,1
46048,1,1
46049,1,1
46050,1,1
46051,1,1
46052,1,1
46053,3,2
46054,1,1
46055,1,1
46056,1,1
46057,6,3
46058,4,3
46059,1,1
46060,1,1
46061,2,2
46062,3,3
46063,2,1
46064,1,1
46065,1,1
46066,1,1
46067,1,1
46068,5,3
46069,2,2
46070,2,2
46071,2,1
46072,15,7
46073,1,1
46074,3,2
46075,22,9
46076,1,1
46077,7,4
46078,1,1
46079,3,2
46080,1,1
46081,1,1
46082,1,1
46083,1,1
46084,2,2
46085,1,1
46086,2,2
46087,1,1
46088,1,1
46089,2,2
46090,1,1
46091,8,6
46092,2,1
46093,1,1
46094,4,2
46095,1,1
46096,4,2
46097,2,2
46098,14,7
46099,1,1
46100,1,1
46101,1,1
46102,1,1
46103,1,1
46104,1,1
46105,1,1
46106,1,1
46107,1,1
46108,1,1
46109,1,1
46110,1,1
46111,3,2
46112,3,2
46113,2,2
46114,1,1
46115,1,1
46116,2,2
46117,3,3
46118,1,1
46119,1,1
46120,2,2
46121,1,1
46122,1,1
46123,1,1
46124,2,2
46125,5,2
46126,1,1
46127,1,1
46128,1,1
46129,1,1
46130,1,1
46131,5,2
46132,1,1
46133,1,1
46134,1,1
46135,2,1
46136,2,2
46137,2,1
46138,1,1
46139,3,3
46140,2,2
46141,1,1
46142,1,1
46143,1,1
46144,1,1
46145,1,1
46146,1,1
46147,1,1
46148,1,1
46149,2,2
46150,4,2
46151,2,2
46152,1,1
46153,6,4
46154,4,2
46155,9,8
46156,2,2
46157,1,1
46158,1,1
46159,1,1
46160,1,1
46161,1,1
46162,1,1
46163,1,1
46164,1,1
46165,1,1
46166,1,1
46167,1,1
46168,3,3
46169,9,9
46170,3,3
46171,1,1
46172,1,1
46173,2,1
46174,1,1
46175,5,4
46176,1,1
46177,1,1
46178,7,3
46179,1,1
46180,1,1
46181,1,1
46182,1,1
46183,2,1
46184,1,1
46185,1,1
46186,3,3
46187,1,1
46188,1,1
46189,1,1
46190,1,1
46191,2,1
46192,2,2
46193,1,1
46194,2,2
46195,12,6
46196,1,1
46197,1,1
46198,1,1
46199,1,1
46200,3,2
46201,3,3
46202,6,4
46203,16,8
46204,1,1
46205,1,1
46206,5,3
46207,1,1
46208,2,2
46209,1,1
46210,2,2
46211,1,1
46212,1,1
46213,2,2
46214,2,1
46215,1,1
46216,1,1
46217,1,1
46218,1,1
46219,2,2
46220,9,6
46221,1,1
46222,1,1
46223,2,1
46224,3,3
46225,1,1
46226,2,2
46227,3,2
46228,1,1
46229,1,1
46230,6,4
46231,1,1
46232,1,1
46233,2,2
46234,1,1
46235,1,1
46236,1,1
46237,4,4
46238,1,1
46239,6,3
46240,16,7
46241,2,2
46242,1,1
46243,1,1
46244,1,1
46245,1,1
46246,1,1
46247,1,1
46248,1,1
46249,1,1
46250,1,1
46251,2,1
46252,4,3
46253,2,2
46254,3,2
46255,1,1
46256,1,1
46257,1,1
46258,13,7
46259,1,1
46260,1,1
46261,2,2
46262,1,1
46263,1,1
46264,1,1
46265,1,1
46266,9,5
46267,1,1
46268,1,1
46269,1,1
46270,2,2
46271,1,1
46272,1,1
46273,1,1
46274,1,1
46275,1,1
46276,2,2
46277,2,1
46278,2,1
46279,1,1
46280,1,1
46281,1,1
46282,1,1
46283,1,1
46284,4,3
46285,2,2
46286,1,1
46287,2,1
46288,1,1
46289,1,1
46290,1,1
46291,13,8
46292,1,1
46293,1,1
46294,7,7
46295,1,1
46296,3,3
46297,1,1
46298,1,1
46299,1,1
46300,1,1
46301,1,1
46302,1,1
46303,1,1
46304,1,1
46305,1,1
46306,1,1
46307,1,1
46308,4,3
46309,1,1
46310,1,1
46311,1,1
46312,1,1
46313,1,1
46314,1,1
46315,1,1
46316,1,1
46317,3,3
46318,2,2
46319,3,2
46320,3,2
46321,1,1
46322,1,1
46323,1,1
46324,3,2
46325,2,1
46326,1,1
46327,1,1
46328,1,1
46329,2,1
46330,1,1
46331,1,1
46332,10,8
46333,1,1
46334,1,1
46335,2,2
46336,5,4
46337,1,1
46338,1,1
46339,1,1
46340,1,1
46341,1,1
46342,1,1
46343,2,2
46344,2,2
46345,14,11
46346,1,1
46347,1,1
46348,8,6
46349,1,1
46350,1,1
46351,1,1
46352,2,2
46353,3,3
46354,3,3
46355,1,1
46356,1,1
46357,26,9
46358,1,1
46359,2,1
46360,51,28
46361,3,2
46362,1,1
46363,3,3
46364,1,1
46365,3,2
46366,10,8
46367,1,1
46368,1,1
46369,1,1
46370,2,2
46371,1,1
46372,2,1
46373,4,3
46374,11,7
46375,8,8
46376,2,2
46377,1,1
46378,2,2
46379,8,5
46380,3,3
46381,5,2
46382,1,1
46383,1,1
46384,1,1
46385,6,3
46386,1,1
46387,1,1
46388,1,1
46389,3,3
46390,1,1
46391,2,2
46392,1,1
46393,1,1
46394,1,1
46395,1,1
46396,2,2
46397,1,1
46398,1,1
46399,1,1
46400,2,1
46401,1,1
46402,1,1
46403,9,6
46404,1,1
46405,1,1
46406,1,1
46407,14,10
46408,3,3
46409,1,1
46410,2,2
46411,2,2
46412,3,3
46413,2,1
46414,1,1
46415,1,1
46416,20,6
46417,19,10
46418,1,1
46419,1,1
46420,1,1
46421,1,1
46422,3,2
46423,1,1
46424,1,1
46425,3,3
46426,1,1
46427,1,1
46428,1,1
46429,1,1
46430,1,1
46431,2,2
46432,1,1
46433,1,1
46434,4,3
46435,1,1
46436,1,1
46437,2,1
46438,1,1
46439,1,1
46440,4,4
46441,1,1
46442,1,1
46443,1,1
46444,1,1
46445,1,1
46446,2,1
46447,1,1
46448,1,1
46449,2,1
46450,1,1
46451,1,1
46452,4,2
46453,1,1
46454,2,2
46455,1,1
46456,1,1
46457,7,4
46458,1,1
46459,1,1
46460,1,1
46461,3,3
46462,1,1
46463,1,1
46464,1,1
46465,2,2
46466,1,1
46467,7,5
46468,2,1
46469,3,2
46470,5,5
46471,1,1
46472,1,1
46473,1,1
46474,1,1
46475,1,1
46476,1,1
46477,1,1
46478,1,1
46479,1,1
46480,16,14
46481,1,1
46482,1,1
46483,1,1
46484,1,1
46485,5,4
46486,5,4
46487,1,1
46488,1,1
46489,2,2
46490,3,3
46491,2,2
46492,3,2
46493,1,1
46494,3,2
46495,1,1
46496,1,1
46497,5,4
46498,1,1
46499,1,1
46500,2,2
46501,1,1
46502,1,1
46503,1,1
46504,1,1
46505,1,1
46506,2,1
46507,2,2
46508,1,1
46509,1,1
46510,1,1
46511,2,2
46512,1,1
46513,2,1
46514,1,1
46515,2,2
46516,1,1
46517,4,3
46518,1,1
46519,1,1
46520,2,1
46521,2,2
46522,5,3
46523,1,1
46524,1,1
46525,1,1
46526,1,1
46527,1,1
46528,4,3
46529,1,1
46530,1,1
46531,1,1
46532,2,2
46533,1,1
46534,1,1
46535,3,3
46536,1,1
46537,1,1
46538,2,2
46539,1,1
46540,2,1
46541,1,1
46542,1,1
46543,1,1
46544,2,2
46545,1,1
46546,1,1
46547,2,2
46548,5,3
46549,2,2
46550,1,1
46551,1,1
46552,1,1
46553,1,1
46554,1,1
46555,1,1
46556,3,3
46557,1,1
46558,1,1
46559,1,1
46560,6,5
46561,2,2
46562,1,1
46563,1,1
46564,1,1
46565,1,1
46566,2,1
46567,1,1
46568,3,2
46569,1,1
46570,2,2
46571,2,2
46572,1,1
46573,1,1
46574,1,1
46575,4,2
46576,1,1
46577,1,1
46578,1,1
46579,5,4
46580,6,5
46581,2,2
46582,5,3
46583,1,1
46584,1,1
46585,1,1
46586,1,1
46587,2,1
46588,2,2
46589,2,1
46590,4,2
46591,1,1
46592,1,1
46593,3,1
46594,1,1
46595,1,1
46596,1,1
46597,2,2
46598,1,1
46599,1,1
46600,1,1
46601,4,4
46602,2,2
46603,1,1
46604,2,2
46605,14,8
46606,1,1
46607,2,2
46608,15,5
46609,1,1
46610,2,1
46611,1,1
46612,1,1
46613,2,2
46614,1,1
46615,1,1
46616,6,3
46617,1,1
46618,1,1
46619,1,1
46620,1,1
46621,1,1
46622,1,1
46623,16,6
46624,2,2
46625,1,1
46626,2,2
46627,2,2
46628,2,1
46629,1,1
46630,4,3
46631,1,1
46632,1,1
46633,1,1
46634,1,1
46635,1,1
46636,1,1
46637,2,2
46638,1,1
46639,1,1
46640,1,1
46641,5,2
46642,5,4
46643,2,1
46644,1,1
46645,1,1
46646,1,1
46647,8,6
46648,1,1
46649,2,1
46650,1,1
46651,1,1
46652,1,1
46653,1,1
46654,9,6
46655,2,1
46656,13,4
46657,3,2
46658,1,1
46659,8,5
46660,7,3
46661,1,1
46662,1,1
46663,1,1
46664,1,1
46665,1,1
46666,4,4
46667,1,1
46668,2,1
46669,6,4
46670,1,1
46671,1,1
46672,5,4
46673,1,1
46674,1,1
46675,1,1
46676,1,1
46677,1,1
46678,8,5
46679,4,3
46680,2,1
46681,1,1
46682,1,1
46683,2,2
46684,1,1
46685,1,1
46686,1,1
46687,1,1
46688,1,1
46689,1,1
46690,1,1
46691,3,3
46692,1,1
46693,1,1
46694,2,2
46695,1,1
46696,1,1
46697,1,1
46698,1,1
46699,1,1
46700,8,4
46701,1,1
46702,1,1
46703,1,1
46704,1,1
46705,1,1
46706,1,1
46707,2,1
46708,1,1
46709,1,1
46710,1,1
46711,4,3
46712,2,2
46713,1,1
46714,1,1
46715,2,2
46716,1,1
46717,5,3
46718,1,1
46719,1,1
46720,1,1
46721,3,2
46722,1,1
46723,1,1
46724,2,1
46725,1,1
46726,1,1
46727,1,1
46728,1,1
46729,1,1
46730,7,5
46731,1,1
46732,1,1
46733,1,1
46734,2,2
46735,1,1
46736,1,1
46737,1,1
46738,4,3
46739,1,1
46740,1,1
46741,1,1
46742,1,1
46743,3,2
46744,1,1
46745,1,1
46746,1,1
46747,1,1
46748,2,2
46749,1,1
46750,3,3
46751,2,2
46752,1,1
46753,1,1
46754,1,1
46755,4,4
46756,1,1
46757,1,1
46758,3,3
46759,1,1
46760,10,6
46761,1,1
46762,1,1
46763,3,3
46764,6,4
46765,1,1
46766,3,3
46767,1,1
46768,5,4
46769,1,1
46770,18,12
46771,1,1
46772,2,1
46773,1,1
46774,1,1
46775,1,1
46776,1,1
46777,1,1
46778,1,1
46779,2,2
46780,4,2
46781,2,1
46782,2,2
46783,1,1
46784,3,3
46785,1,1
46786,1,1
46787,1,1
46788,2,2
46789,1,1
46790,2,1
46791,3,3
46792,3,3
46793,3,3
46794,1,1
46795,6,5
46796,1,1
46797,2,1
46798,1,1
46799,1,1
46800,3,3
46801,1,1
46802,1,1
46803,4,3
46804,7,7
46805,1,1
46806,1,1
46807,1,1
46808,3,2
46809,2,1
46810,3,2
46811,1,1
46812,1,1
46813,2,1
46814,2,1
46815,1,1
46816,1,1
46817,1,1
46818,3,3
46819,1,1
46820,1,1
46821,1,1
46822,1,1
46823,1,1
46824,2,2
46825,1,1
46826,1,1
46827,1,1
46828,1,1
46829,1,1
46830,1,1
46831,1,1
46832,4,3
46833,4,2
46834,1,1
46835,2,2
46836,4,4
46837,5,5
46838,1,1
46839,1,1
46840,1,1
46841,1,1
46842,2,2
46843,1,1
46844,1,1
46845,1,1
46846,1,1
46847,1,1
46848,1,1
46849,1,1
46850,2,2
46851,1,1
46852,1,1
46853,1,1
46854,2,2
46855,3,3
46856,1,1
46857,1,1
46858,1,1
46859,1,1
46860,1,1
46861,4,3
46862,1,1
46863,1,1
46864,2,1
46865,1,1
46866,1,1
46867,1,1
46868,1,1
46869,1,1
46870,1,1
46871,1,1
46872,1,1
46873,2,1
46874,2,1
46875,1,1
46876,2,2
46877,1,1
46878,1,1
46879,1,1
46880,1,1
46881,2,2
46882,1,1
46883,1,1
46884,1,1
46885,1,1
46886,1,1
46887,1,1
46888,1,1
46889,1,1
46890,1,1
46891,2,2
46892,2,1
46893,1,1
46894,1,1
46895,1,1
46896,3,3
46897,1,1
46898,1,1
46899,1,1
46900,1,1
46901,1,1
46902,2,1
46903,1,1
46904,1,1
46905,8,5
46906,1,1
46907,3,3
46908,1,1
46909,1,1
46910,1,1
46911,1,1
46912,1,1
46913,1,1
46914,4,2
46915,1,1
46916,1,1
46917,1,1
46918,1,1
46919,1,1
46920,1,1
46921,2,1
46922,1,1
46923,3,3
46924,1,1
46925,1,1
46926,2,2
46927,9,6
46928,1,1
46929,1,1
46930,1,1
46931,1,1
46932,1,1
46933,1,1
46934,3,3
46935,3,3
46936,1,1
46937,1,1
46938,9,6
46939,1,1
46940,1,1
46941,1,1
46942,1,1
46943,2,2
46944,1,1
46945,1,1
46946,2,1
46947,28,6
46948,1,1
46949,1,1
46950,1,1
46951,1,1
46952,1,1
46953,5,4
46954,1,1
46955,7,6
46956,1,1
46957,1,1
46958,1,1
46959,4,3
46960,1,1
46961,1,1
46962,1,1
46963,1,1
46964,7,6
46965,2,2
46966,14,9
46967,2,2
46968,2,2
46969,2,2
46970,1,1
46971,1,1
46972,1,1
46973,1,1
46974,17,6
46975,5,2
46976,1,1
46977,2,2
46978,2,2
46979,2,2
46980,2,2
46981,3,3
46982,2,2
46983,1,1
46984,8,4
46985,5,4
46986,1,1
46987,1,1
46988,2,2
46989,2,2
46990,1,1
46991,4,3
46992,2,2
46993,2,1
46994,10,9
46995,4,3
46996,2,2
46997,3,3
46998,2,2
46999,2,2
47000,2,2
47001,2,2
47002,3,2
47003,2,2
47004,3,3
47005,3,2
47006,5,3
47007,2,2
47008,8,6
47009,3,3
47010,2,2
47011,1,1
47012,2,2
47013,3,3
47014,3,2
47015,4,3
47016,2,2
47017,4,2
47018,1,1
47019,3,3
47020,1,1
47021,1,1
47022,2,2
47023,1,1
47024,1,1
47025,2,2
47026,2,2
47027,1,1
47028,1,1
47029,2,1
47030,2,2
47031,1,1
47032,1,1
47033,1,1
47034,8,4
47035,1,1
47036,2,2
47037,1,1
47038,2,2
47039,1,1
47040,2,2
47041,2,2
47042,1,1
47043,1,1
47044,1,1
47045,1,1
47046,1,1
47047,1,1
47048,5,3
47049,2,1
47050,1,1
47051,1,1
47052,2,2
47053,10,6
47054,1,1
47055,2,2
47056,2,1
47057,1,1
47058,4,2
47059,4,3
47060,2,1
47061,1,1
47062,1,1
47063,2,2
47064,1,1
47065,18,8
47066,1,1
47067,1,1
47068,2,1
47069,2,2
47070,1,1
47071,2,2
47072,1,1
47073,1,1
47074,1,1
47075,2,2
47076,2,1
47077,1,1
47078,2,2
47079,2,2
47080,3,2
47081,1,1
47082,2,1
47083,1,1
47084,2,2
47085,1,1
47086,1,1
47087,1,1
47088,2,2
47089,2,2
47090,1,1
47091,1,1
47092,1,1
47093,1,1
47094,1,1
47095,1,1
47096,1,1
47097,1,1
47098,1,1
47099,1,1
47100,2,2
47101,2,2
47102,1,1
47103,1,1
47104,1,1
47105,1,1
47106,1,1
47107,1,1
47108,2,2
47109,3,2
47110,2,2
47111,1,1
47112,2,2
47113,6,3
47114,1,1
47115,1,1
47116,1,1
47117,1,1
47118,2,2
47119,1,1
47120,1,1
47121,1,1
47122,1,1
47123,1,1
47124,4,4
47125,10,10
47126,2,2
47127,2,2
47128,1,1
47129,2,2
47130,1,1
47131,1,1
47132,1,1
47133,2,1
47134,4,2
47135,2,2
47136,3,3
47137,1,1
47138,1,1
47139,1,1
47140,1,1
47141,1,1
47142,1,1
47143,1,1
47144,1,1
47145,3,2
47146,8,7
47147,1,1
47148,4,3
47149,3,3
47150,2,2
47151,25,12
47152,5,4
47153,1,1
47154,2,2
47155,3,3
47156,1,1
47157,1,1
47158,6,6
47159,1,1
47160,1,1
47161,3,3
47162,1,1
47163,1,1
47164,1,1
47165,4,4
47166,1,1
47167,1,1
47168,1,1
47169,1,1
47170,1,1
47171,1,1
47172,1,1
47173,1,1
47174,1,1
47175,1,1
47176,1,1
47177,1,1
47178,1,1
47179,1,1
47180,1,1
47181,1,1
47182,2,1
47183,1,1
47184,1,1
47185,1,1
47186,4,4
47187,1,1
47188,1,1
47189,1,1
47190,1,1
47191,1,1
47192,1,1
47193,1,1
47194,1,1
47195,1,1
47196,1,1
47197,1,1
47198,1,1
47199,1,1
47200,4,4
47201,2,1
47202,1,1
47203,1,1
47204,1,1
47205,1,1
47206,3,3
47207,1,1
47208,2,2
47209,3,2
47210,1,1
47211,1,1
47212,1,1
47213,1,1
47214,1,1
47215,2,1
47216,1,1
47217,1,1
47218,2,2
47219,1,1
47220,2,2
47221,3,2
47222,1,1
47223,3,3
47224,1,1
47225,7,5
47226,1,1
47227,2,2
47228,1,1
47229,1,1
47230,2,2
47231,1,1
47232,2,2
47233,1,1
47234,1,1
47235,1,1
47236,2,2
47237,1,1
47238,18,5
47239,5,3
47240,3,2
47241,1,1
47242,1,1
47243,1,1
47244,2,1
47245,1,1
47246,1,1
47247,1,1
47248,1,1
47249,1,1
47250,7,4
47251,1,1
47252,8,6
47253,1,1
47254,1,1
47255,1,1
47256,4,3
47257,1,1
47258,3,1
47259,1,1
47260,1,1
47261,1,1
47262,1,1
47263,6,5
47264,1,1
47265,1,1
47266,1,1
47267,3,2
47268,2,2
47269,1,1
47270,1,1
47271,1,1
47272,1,1
47273,1,1
47274,1,1
47275,1,1
47276,1,1
47277,1,1
47278,1,1
47279,1,1
47280,3,2
47281,1,1
47282,1,1
47283,1,1
47284,2,2
47285,1,1
47286,1,1
47287,1,1
47288,1,1
47289,1,1
47290,1,1
47291,1,1
47292,3,2
47293,7,4
47294,1,1
47295,2,2
47296,1,1
47297,1,1
47298,1,1
47299,1,1
47300,1,1
47301,1,1
47302,1,1
47303,1,1
47304,2,1
47305,1,1
47306,8,8
47307,2,1
47308,1,1
47309,7,4
47310,2,2
47311,1,1
47312,1,1
47313,2,2
47314,1,1
47315,1,1
47316,2,1
47317,1,1
47318,3,2
47319,1,1
47320,1,1
47321,1,1
47322,1,1
47323,6,5
47324,1,1
47325,1,1
47326,1,1
47327,1,1
47328,1,1
47329,5,3
47330,1,1
47331,1,1
47332,4,3
47333,1,1
47334,4,3
47335,1,1
47336,2,2
47337,1,1
47338,4,2
47339,2,2
47340,1,1
47341,1,1
47342,2,2
47343,1,1
47344,7,6
47345,1,1
47346,8,8
47347,7,4
47348,1,1
47349,1,1
47350,3,3
47351,2,2
47352,1,1
47353,2,2
47354,1,1
47355,6,5
47356,1,1
47357,2,2
47358,2,1
47359,4,2
47360,1,1
47361,1,1
47362,2,1
47363,2,2
47364,1,1
47365,1,1
47366,3,2
47367,1,1
47368,1,1
47369,1,1
47370,1,1
47371,3,2
47372,1,1
47373,2,2
47374,1,1
47375,1,1
47376,1,1
47377,1,1
47378,1,1
47379,1,1
47380,1,1
47381,2,2
47382,1,1
47383,1,1
47384,1,1
47385,2,2
47386,1,1
47387,5,5
47388,1,1
47389,1,1
47390,1,1
47391,1,1
47392,1,1
47393,1,1
47394,5,5
47395,1,1
47396,2,1
47397,1,1
47398,3,2
47399,1,1
47400,1,1
47401,1,1
47402,3,2
47403,1,1
47404,1,1
47405,1,1
47406,1,1
47407,1,1
47408,1,1
47409,1,1
47410,2,1
47411,2,2
47412,1,1
47413,1,1
47414,1,1
47415,3,2
47416,1,1
47417,1,1
47418,7,4
47419,1,1
47420,1,1
47421,1,1
47422,1,1
47423,3,3
47424,1,1
47425,3,3
47426,1,1
47427,2,1
47428,1,1
47429,1,1
47430,1,1
47431,20,12
47432,4,2
47433,1,1
47434,1,1
47435,1,1
47436,1,1
47437,11,8
47438,1,1
47439,1,1
47440,2,1
47441,1,1
47442,1,1
47443,4,2
47444,5,4
47445,6,3
47446,3,2
47447,1,1
47448,1,1
47449,1,1
47450,1,1
47451,1,1
47452,1,1
47453,1,1
47454,1,1
47455,1,1
47456,2,2
47457,1,1
47458,1,1
47459,1,1
47460,3,2
47461,3,2
47462,3,3
47463,1,1
47464,2,1
47465,2,1
47466,1,1
47467,1,1
47468,1,1
47469,2,2
47470,1,1
47471,7,6
47472,1,1
47473,1,1
47474,2,2
47475,1,1
47476,1,1
47477,1,1
47478,2,2
47479,1,1
47480,1,1
47481,1,1
47482,1,1
47483,1,1
47484,1,1
47485,15,9
47486,2,2
47487,3,1
47488,3,1
47489,1,1
47490,1,1
47491,5,3
47492,2,2
47493,1,1
47494,2,2
47495,9,9
47496,6,5
47497,3,3
47498,1,1
47499,4,2
47500,1,1
47501,1,1
47502,1,1
47503,1,1
47504,7,6
47505,2,2
47506,2,2
47507,2,2
47508,1,1
47509,1,1
47510,4,4
47511,1,1
47512,1,1
47513,3,2
47514,1,1
47515,1,1
47516,2,1
47517,2,1
47518,1,1
47519,3,3
47520,1,1
47521,2,1
47522,8,6
47523,2,2
47524,9,4
47525,1,1
47526,2,2
47527,1,1
47528,1,1
47529,1,1
47530,1,1
47531,1,1
47532,1,1
47533,1,1
47534,1,1
47535,1,1
47536,1,1
47537,2,1
47538,1,1
47539,2,2
47540,5,4
47541,1,1
47542,2,1
47543,1,1
47544,1,1
47545,1,1
47546,2,2
47547,1,1
47548,5,4
47549,3,3
47550,1,1
47551,1,1
47552,1,1
47553,4,2
47554,1,1
47555,7,6
47556,2,2
47557,1,1
47558,1,1
47559,1,1
47560,1,1
47561,2,2
47562,3,3
47563,2,2
47564,2,2
47565,1,1
47566,5,3
47567,2,2
47568,1,1
47569,1,1
47570,1,1
47571,1,1
47572,1,1
47573,1,1
47574,7,4
47575,1,1
47576,4,3
47577,1,1
47578,7,7
47579,1,1
47580,1,1
47581,1,1
47582,1,1
47583,1,1
47584,1,1
47585,1,1
47586,3,3
47587,1,1
47588,5,3
47589,1,1
47590,1,1
47591,2,2
47592,2,2
47593,13,9
47594,1,1
47595,1,1
47596,1,1
47597,1,1
47598,1,1
47599,1,1
47600,1,1
47601,5,2
47602,1,1
47603,2,1
47604,2,1
47605,1,1
47606,1,1
47607,1,1
47608,1,1
47609,1,1
47610,3,3
47611,1,1
47612,1,1
47613,2,1
47614,2,2
47615,3,2
47616,1,1
47617,1,1
47618,2,1
47619,2,1
47620,1,1
47621,1,1
47622,2,2
47623,1,1
47624,1,1
47625,1,1
47626,1,1
47627,1,1
47628,2,1
47629,1,1
47630,2,2
47631,1,1
47632,2,2
47633,1,1
47634,1,1
47635,3,2
47636,1,1
47637,2,1
47638,1,1
47639,2,1
47640,4,3
47641,1,1
47642,1,1
47643,4,4
47644,2,2
47645,1,1
47646,1,1
47647,1,1
47648,1,1
47649,1,1
47650,2,2
47651,1,1
47652,2,2
47653,1,1
47654,1,1
47655,2,1
47656,1,1
47657,6,6
47658,1,1
47659,1,1
47660,1,1
47661,2,2
47662,2,2
47663,4,3
47664,1,1
47665,1,1
47666,1,1
47667,4,3
47668,4,2
47669,1,1
47670,1,1
47671,1,1
47672,1,1
47673,6,3
47674,2,2
47675,1,1
47676,1,1
47677,1,1
47678,1,1
47679,2,2
47680,1,1
47681,1,1
47682,1,1
47683,1,1
47684,1,1
47685,8,7
47686,1,1
47687,1,1
47688,1,1
47689,18,11
47690,1,1
47691,6,6
47692,3,2
47693,1,1
47694,6,5
47695,1,1
47696,1,1
47697,1,1
47698,1,1
47699,1,1
47700,6,4
47701,1,1
47702,1,1
47703,1,1
47704,1,1
47705,2,1
47706,1,1
47707,1,1
47708,16,7
47709,1,1
47710,1,1
47711,1,1
47712,1,1
47713,1,1
47714,1,1
47715,1,1
47716,1,1
47717,1,1
47718,5,4
47719,1,1
47720,1,1
47721,1,1
47722,4,2
47723,4,3
47724,1,1
47725,2,2
47726,1,1
47727,1,1
47728,1,1
47729,1,1
47730,1,1
47731,1,1
47732,1,1
47733,2,2
47734,4,3
47735,1,1
47736,1,1
47737,1,1
47738,1,1
47739,5,5
47740,3,3
47741,4,2
47742,8,6
47743,2,2
47744,3,2
47745,3,3
47746,1,1
47747,1,1
47748,1,1
47749,2,1
47750,1,1
47751,4,4
47752,2,2
47753,2,2
47754,6,3
47755,1,1
47756,1,1
47757,1,1
47758,1,1
47759,2,1
47760,3,2
47761,2,2
47762,1,1
47763,1,1
47764,2,2
47765,2,2
47766,1,1
47767,1,1
47768,1,1
47769,1,1
47770,2,2
47771,2,2
47772,3,2
47773,1,1
47774,4,2
47775,1,1
47776,7,5
47777,2,1
47778,3,2
47779,1,1
47780,6,4
47781,2,2
47782,4,3
47783,1,1
47784,3,2
47785,1,1
47786,1,1
47787,3,3
47788,1,1
47789,5,3
47790,3,2
47791,3,3
47792,1,1
47793,3,2
47794,1,1
47795,1,1
47796,1,1
47797,2,2
47798,3,2
47799,2,2
47800,1,1
47801,1,1
47802,1,1
47803,4,3
47804,1,1
47805,1,1
47806,1,1
47807,6,4
47808,1,1
47809,1,1
47810,1,1
47811,1,1
47812,1,1
47813,1,1
47814,2,1
47815,2,1
47816,2,2
47817,1,1
47818,3,2
47819,9,6
47820,1,1
47821,1,1
47822,1,1
47823,6,4
47824,1,1
47825,1,1
47826,1,1
47827,1,1
47828,1,1
47829,1,1
47830,1,1
47831,1,1
47832,7,5
47833,1,1
47834,3,2
47835,1,1
47836,1,1
47837,1,1
47838,4,3
47839,2,2
47840,1,1
47841,1,1
47842,1,1
47843,1,1
47844,2,2
47845,4,3
47846,2,2
47847,3,3
47848,2,2
47849,1,1
47850,1,1
47851,1,1
47852,1,1
47853,2,2
47854,1,1
47855,2,2
47856,1,1
47857,1,1
47858,1,1
47859,1,1
47860,2,2
47861,1,1
47862,1,1
47863,1,1
47864,4,4
47865,2,2
47866,1,1
47867,2,2
47868,2,2
47869,1,1
47870,2,1
47871,2,2
47872,28,17
47873,1,1
47874,1,1
47875,2,1
47876,1,1
47877,2,2
47878,4,2
47879,1,1
47880,1,1
47881,1,1
47882,1,1
47883,1,1
47884,1,1
47885,1,1
47886,1,1
47887,1,1
47888,1,1
47889,2,1
47890,1,1
47891,1,1
47892,1,1
47893,1,1
47894,1,1
47895,63,22
47896,1,1
47897,8,4
47898,1,1
47899,4,4
47900,1,1
47901,1,1
47902,1,1
47903,1,1
47904,1,1
47905,1,1
47906,2,2
47907,2,2
47908,1,1
47909,2,2
47910,1,1
47911,1,1
47912,5,4
47913,3,2
47914,1,1
47915,1,1
47916,1,1
47917,1,1
47918,1,1
47919,2,2
47920,1,1
47921,1,1
47922,1,1
47923,3,3
47924,1,1
47925,1,1
47926,10,7
47927,11,6
47928,2,2
47929,1,1
47930,3,2
47931,1,1
47932,2,1
47933,1,1
47934,1,1
47935,1,1
47936,2,1
47937,10,7
47938,1,1
47939,3,2
47940,1,1
47941,2,1
47942,3,2
47943,2,2
47944,3,2
47945,3,2
47946,2,2
47947,1,1
47948,1,1
47949,1,1
47950,1,1
47951,5,5
47952,1,1
47953,1,1
47954,1,1
47955,1,1
47956,1,1
47957,1,1
47958,4,3
47959,2,2
47960,2,2
47961,1,1
47962,1,1
47963,2,2
47964,1,1
47965,2,2
47966,7,4
47967,1,1
47968,1,1
47969,1,1
47970,1,1
47971,1,1
47972,2,2
47973,1,1
47974,1,1
47975,2,2
47976,4,3
47977,2,1
47978,1,1
47979,1,1
47980,2,1
47981,1,1
47982,1,1
47983,2,2
47984,1,1
47985,2,2
47986,2,2
47987,1,1
47988,2,2
47989,1,1
47990,1,1
47991,6,5
47992,2,2
47993,5,5
47994,2,2
47995,9,4
47996,1,1
47997,1,1
47998,2,1
47999,1,1
48000,2,1
48001,1,1
48002,1,1
48003,1,1
48004,2,1
48005,1,1
48006,2,1
48007,1,1
48008,1,1
48009,1,1
48010,4,3
48011,2,2
48012,1,1
48013,8,5
48014,1,1
48015,2,2
48016,5,3
48017,1,1
48018,4,2
48019,2,2
48020,1,1
48021,1,1
48022,1,1
48023,1,1
48024,1,1
48025,1,1
48026,1,1
48027,1,1
48028,2,1
48029,1,1
48030,1,1
48031,2,1
48032,2,1
48033,3,2
48034,1,1
48035,1,1
48036,1,1
48037,1,1
48038,1,1
48039,1,1
48040,1,1
48041,1,1
48042,1,1
48043,1,1
48044,5,3
48045,1,1
48046,3,3
48047,1,1
48048,1,1
48049,3,2
48050,1,1
48051,1,1
48052,1,1
48053,1,1
48054,1,1
48055,1,1
48056,2,2
48057,2,2
48058,3,2
48059,1,1
48060,2,1
48061,2,1
48062,1,1
48063,1,1
48064,4,3
48065,3,1
48066,1,1
48067,1,1
48068,1,1
48069,5,3
48070,2,2
48071,2,2
48072,1,1
48073,1,1
48074,1,1
48075,1,1
48076,27,14
48077,1,1
48078,2,1
48079,39,12
48080,1,1
48081,3,2
48082,3,1
48083,2,2
48084,1,1
48085,1,1
48086,2,1
48087,1,1
48088,1,1
48089,10,7
48090,1,1
48091,2,2
48092,2,1
48093,1,1
48094,1,1
48095,9,6
48096,1,1
48097,1,1
48098,2,2
48099,1,1
48100,1,1
48101,9,6
48102,2,2
48103,11,5
48104,1,1
48105,4,4
48106,1,1
48107,1,1
48108,1,1
48109,5,3
48110,1,1
48111,5,4
48112,1,1
48113,1,1
48114,2,1
48115,1,1
48116,1,1
48117,1,1
48118,3,2
48119,5,3
48120,2,1
48121,1,1
48122,1,1
48123,1,1
48124,26,10
48125,2,1
48126,4,2
48127,2,1
48128,1,1
48129,8,6
48130,1,1
48131,3,2
48132,2,2
48133,6,3
48134,4,2
48135,3,3
48136,4,3
48137,2,2
48138,1,1
48139,1,1
48140,1,1
48141,2,1
48142,5,3
48143,2,2
48144,1,1
48145,1,1
48146,1,1
48147,1,1
48148,4,4
48149,4,3
48150,1,1
48151,2,2
48152,1,1
48153,1,1
48154,1,1
48155,4,4
48156,1,1
48157,6,3
48158,1,1
48159,1,1
48160,1,1
48161,1,1
48162,1,1
48163,1,1
48164,1,1
48165,1,1
48166,1,1
48167,3,2
48168,1,1
48169,1,1
48170,3,2
48171,1,1
48172,1,1
48173,1,1
48174,1,1
48175,1,1
48176,2,2
48177,2,1
48178,1,1
48179,1,1
48180,4,2
48181,1,1
48182,10,6
48183,1,1
48184,2,1
48185,3,3
48186,1,1
48187,3,3
48188,1,1
48189,1,1
48190,1,1
48191,1,1
48192,1,1
48193,1,1
48194,1,1
48195,1,1
48196,1,1
48197,4,2
48198,1,1
48199,1,1
48200,1,1
48201,1,1
48202,2,2
48203,3,3
48204,1,1
48205,1,1
48206,1,1
48207,2,1
48208,2,2
48209,1,1
48210,2,2
48211,1,1
48212,1,1
48213,2,2
48214,1,1
48215,3,2
48216,2,1
48217,2,2
48218,5,2
48219,1,1
48220,1,1
48221,1,1
48222,1,1
48223,1,1
48224,8,5
48225,1,1
48226,1,1
48227,1,1
48228,1,1
48229,4,4
48230,1,1
48231,1,1
48232,1,1
48233,1,1
48234,1,1
48235,3,2
48236,1,1
48237,1,1
48238,1,1
48239,1,1
48240,2,1
48241,1,1
48242,2,1
48243,1,1
48244,1,1
48245,1,1
48246,1,1
48247,1,1
48248,4,4
48249,1,1
48250,1,1
48251,1,1
48252,1,1
48253,1,1
48254,1,1
48255,2,2
48256,1,1
48257,1,1
48258,1,1
48259,1,1
48260,1,1
48261,1,1
48262,8,8
48263,1,1
48264,1,1
48265,1,1
48266,3,2
48267,1,1
48268,2,2
48269,1,1
48270,1,1
48271,1,1
48272,5,3
48273,1,1
48274,2,2
48275,2,2
48276,7,4
48277,1,1
48278,1,1
48279,1,1
48280,1,1
48281,2,2
48282,3,2
48283,1,1
48284,1,1
48285,1,1
48286,17,8
48287,1,1
48288,1,1
48289,1,1
48290,1,1
48291,2,1
48292,2,2
48293,1,1
48294,1,1
48295,1,1
48296,1,1
48297,1,1
48298,1,1
48299,1,1
48300,1,1
48301,1,1
48302,1,1
48303,1,1
48304,4,3
48305,1,1
48306,3,3
48307,3,3
48308,1,1
48309,1,1
48310,1,1
48311,1,1
48312,1,1
48313,1,1
48314,1,1
48315,29,20
48316,1,1
48317,1,1
48318,1,1
48319,5,3
48320,1,1
48321,1,1
48322,2,2
48323,1,1
48324,1,1
48325,6,4
48326,4,3
48327,1,1
48328,1,1
48329,1,1
48330,1,1
48331,1,1
48332,1,1
48333,1,1
48334,1,1
48335,1,1
48336,1,1
48337,2,2
48338,1,1
48339,1,1
48340,1,1
48341,6,5
48342,1,1
48343,1,1
48344,1,1
48345,2,1
48346,3,1
48347,2,2
48348,1,1
48349,1,1
48350,1,1
48351,1,1
48352,1,1
48353,1,1
48354,3,2
48355,1,1
48356,1,1
48357,1,1
48358,8,6
48359,4,3
48360,1,1
48361,2,2
48362,3,2
48363,5,3
48364,1,1
48365,1,1
48366,2,2
48367,9,5
48368,1,1
48369,1,1
48370,1,1
48371,1,1
48372,1,1
48373,1,1
48374,1,1
48375,1,1
48376,1,1
48377,1,1
48378,2,1
48379,32,11
48380,1,1
48381,1,1
48382,1,1
48383,3,2
48384,1,1
48385,1,1
48386,20,10
48387,1,1
48388,2,1
48389,2,2
48390,1,1
48391,1,1
48392,1,1
48393,4,3
48394,1,1
48395,11,8
48396,1,1
48397,1,1
48398,1,1
48399,1,1
48400,2,1
48401,1,1
48402,1,1
48403,1,1
48404,1,1
48405,1,1
48406,1,1
48407,1,1
48408,2,2
48409,1,1
48410,2,1
48411,1,1
48412,1,1
48413,2,1
48414,1,1
48415,1,1
48416,1,1
48417,1,1
48418,1,1
48419,1,1
48420,1,1
48421,1,1
48422,2,2
48423,1,1
48424,1,1
48425,1,1
48426,1,1
48427,1,1
48428,1,1
48429,1,1
48430,8,6
48431,1,1
48432,1,1
48433,1,1
48434,19,11
48435,2,1
48436,2,2
48437,1,1
48438,1,1
48439,1,1
48440,1,1
48441,2,1
48442,1,1
48443,1,1
48444,1,1
48445,1,1
48446,1,1
48447,1,1
48448,2,2
48449,1,1
48450,1,1
48451,1,1
48452,1,1
48453,2,1
48454,1,1
48455,3,3
48456,1,1
48457,6,4
48458,1,1
48459,1,1
48460,1,1
48461,3,2
48462,5,3
48463,1,1
48464,2,2
48465,1,1
48466,1,1
48467,1,1
48468,1,1
48469,1,1
48470,1,1
48471,1,1
48472,1,1
48473,2,1
48474,1,1
48475,1,1
48476,3,2
48477,1,1
48478,1,1
48479,2,2
48480,1,1
48481,1,1
48482,2,2
48483,1,1
48484,1,1
48485,1,1
48486,1,1
48487,1,1
48488,1,1
48489,1,1
48490,1,1
48491,1,1
48492,1,1
48493,2,2
48494,2,1
48495,1,1
48496,1,1
48497,1,1
48498,1,1
48499,1,1
48500,2,1
48501,1,1
48502,1,1
48503,1,1
48504,1,1
48505,3,2
48506,1,1
48507,1,1
48508,6,5
48509,1,1
48510,1,1
48511,2,2
48512,1,1
48513,2,2
48514,1,1
48515,2,2
48516,1,1
48517,2,2
48518,1,1
48519,1,1
48520,1,1
48521,23,15
48522,3,3
48523,1,1
48524,1,1
48525,2,1
48526,1,1
48527,1,1
48528,5,3
48529,1,1
48530,2,2
48531,1,1
48532,1,1
48533,7,5
48534,1,1
48535,3,2
48536,1,1
48537,1,1
48538,1,1
48539,1,1
48540,2,2
48541,1,1
48542,4,2
48543,1,1
48544,1,1
48545,3,2
48546,4,4
48547,1,1
48548,1,1
48549,1,1
48550,2,2
48551,1,1
48552,1,1
48553,1,1
48554,1,1
48555,1,1
48556,1,1
48557,3,3
48558,2,2
48559,2,2
48560,2,2
48561,8,8
48562,2,2
48563,5,2
48564,2,2
48565,1,1
48566,5,4
48567,2,2
48568,1,1
48569,1,1
48570,1,1
48571,6,4
48572,1,1
48573,1,1
48574,2,2
48575,1,1
48576,2,2
48577,1,1
48578,2,2
48579,8,5
48580,2,1
48581,1,1
48582,1,1
48583,1,1
48584,1,1
48585,1,1
48586,3,3
48587,15,6
48588,2,1
48589,4,2
48590,1,1
48591,2,2
48592,1,1
48593,6,3
48594,1,1
48595,1,1
48596,1,1
48597,1,1
48598,5,3
48599,1,1
48600,1,1
48601,1,1
48602,1,1
48603,1,1
48604,1,1
48605,6,3
48606,1,1
48607,1,1
48608,1,1
48609,1,1
48610,2,2
48611,2,2
48612,1,1
48613,1,1
48614,1,1
48615,1,1
48616,1,1
48617,1,1
48618,1,1
48619,1,1
48620,1,1
48621,1,1
48622,2,2
48623,2,2
48624,1,1
48625,1,1
48626,1,1
48627,1,1
48628,1,1
48629,14,11
48630,1,1
48631,1,1
48632,1,1
48633,1,1
48634,1,1
48635,1,1
48636,2,2
48637,1,1
48638,1,1
48639,1,1
48640,1,1
48641,1,1
48642,1,1
48643,1,1
48644,1,1
48645,5,4
48646,1,1
48647,2,2
48648,2,1
48649,1,1
48650,1,1
48651,1,1
48652,1,1
48653,1,1
48654,4,2
48655,1,1
48656,2,2
48657,1,1
48658,2,2
48659,1,1
48660,1,1
48661,1,1
48662,1,1
48663,1,1
48664,1,1
48665,1,1
48666,5,4
48667,1,1
48668,1,1
48669,9,7
48670,2,1
48671,1,1
48672,1,1
48673,3,2
48674,1,1
48675,5,5
48676,2,2
48677,2,2
48678,1,1
48679,2,2
48680,1,1
48681,2,2
48682,2,1
48683,4,3
48684,1,1
48685,1,1
48686,1,1
48687,1,1
48688,2,2
48689,1,1
48690,1,1
48691,2,2
48692,1,1
48693,3,2
48694,1,1
48695,1,1
48696,2,2
48697,1,1
48698,1,1
48699,1,1
48700,3,3
48701,1,1
48702,1,1
48703,2,2
48704,1,1
48705,1,1
48706,1,1
48707,1,1
48708,4,3
48709,1,1
48710,1,1
48711,1,1
48712,2,2
48713,1,1
48714,1,1
48715,1,1
48716,1,1
48717,1,1
48718,1,1
48719,1,1
48720,1,1
48721,1,1
48722,1,1
48723,1,1
48724,1,1
48725,1,1
48726,1,1
48727,1,1
48728,2,2
48729,1,1
48730,3,3
48731,1,1
48732,1,1
48733,1,1
48734,1,1
48735,3,3
48736,3,3
48737,1,1
48738,5,4
48739,1,1
48740,3,3
48741,7,5
48742,2,1
48743,1,1
48744,9,8
48745,3,3
48746,2,1
48747,1,1
48748,1,1
48749,1,1
48750,1,1
48751,1,1
48752,1,1
48753,1,1
48754,1,1
48755,8,4
48756,1,1
48757,1,1
48758,2,1
48759,4,2
48760,1,1
48761,1,1
48762,1,1
48763,1,1
48764,1,1
48765,2,2
48766,1,1
48767,5,4
48768,2,1
48769,1,1
48770,1,1
48771,1,1
48772,1,1
48773,1,1
48774,1,1
48775,8,6
48776,1,1
48777,1,1
48778,1,1
48779,1,1
48780,1,1
48781,1,1
48782,1,1
48783,1,1
48784,2,2
48785,2,2
48786,1,1
48787,1,1
48788,3,2
48789,1,1
48790,1,1
48791,1,1
48792,1,1
48793,1,1
48794,2,2
48795,2,1
48796,1,1
48797,8,7
48798,15,8
48799,2,1
48800,1,1
48801,1,1
48802,1,1
48803,2,2
48804,1,1
48805,1,1
48806,2,2
48807,1,1
48808,1,1
48809,1,1
48810,1,1
48811,1,1
48812,2,2
48813,1,1
48814,1,1
48815,1,1
48816,1,1
48817,1,1
48818,1,1
48819,1,1
48820,1,1
48821,1,1
48822,1,1
48823,1,1
48824,1,1
48825,1,1
48826,3,2
48827,1,1
48828,1,1
48829,1,1
48830,1,1
48831,1,1
48832,1,1
48833,1,1
48834,1,1
48835,1,1
48836,2,2
48837,1,1
48838,1,1
48839,2,2
48840,1,1
48841,2,2
48842,1,1
48843,1,1
48844,2,2
48845,1,1
48846,2,2
48847,1,1
48848,1,1
48849,1,1
48850,1,1
48851,1,1
48852,1,1
48853,1,1
48854,1,1
48855,4,3
48856,1,1
48857,1,1
48858,1,1
48859,1,1
48860,1,1
48861,1,1
48862,1,1
48863,1,1
48864,1,1
48865,2,2
48866,1,1
48867,1,1
48868,1,1
48869,3,2
48870,1,1
48871,1,1
48872,1,1
48873,1,1
48874,1,1
48875,1,1
48876,1,1
48877,2,2
48878,1,1
48879,1,1
48880,1,1
48881,1,1
48882,3,2
48883,1,1
48884,1,1
48885,1,1
48886,2,2
48887,2,2
48888,1,1
48889,1,1
48890,1,1
48891,2,2
48892,1,1
48893,1,1
48894,1,1
48895,1,1
48896,1,1
48897,1,1
48898,1,1
48899,1,1
48900,2,1
48901,1,1
48902,1,1
48903,1,1
48904,1,1
48905,2,2
48906,1,1
48907,3,3
48908,1,1
48909,4,4
48910,1,1
48911,13,11
48912,1,1
48913,1,1
48914,2,2
48915,2,1
48916,3,3
48917,1,1
48918,3,2
48919,4,3
48920,2,2
48921,6,6
48922,3,2
48923,1,1
48924,1,1
48925,2,2
48926,1,1
48927,1,1
48928,1,1
48929,2,2
48930,1,1
48931,5,4
48932,7,3
48933,1,1
48934,1,1
48935,1,1
48936,1,1
48937,2,2
48938,1,1
48939,1,1
48940,5,2
48941,1,1
48942,1,1
48943,1,1
48944,1,1
48945,15,9
48946,1,1
48947,1,1
48948,3,2
48949,1,1
48950,12,9
48951,1,1
48952,1,1
48953,1,1
48954,1,1
48955,1,1
48956,1,1
48957,1,1
48958,3,3
48959,1,1
48960,5,4
48961,18,9
48962,2,2
48963,2,2
48964,1,1
48965,3,3
48966,1,1
48967,2,2
48968,1,1
48969,1,1
48970,1,1
48971,1,1
48972,1,1
48973,2,2
48974,1,1
48975,2,1
48976,1,1
48977,7,4
48978,1,1
48979,1,1
48980,1,1
48981,2,2
48982,1,1
48983,2,2
48984,1,1
48985,1,1
48986,1,1
48987,1,1
48988,1,1
48989,2,2
48990,1,1
48991,2,2
48992,1,1
48993,1,1
48994,1,1
48995,2,2
48996,1,1
48997,1,1
48998,1,1
48999,1,1
49000,3,3
49001,1,1
49002,1,1
49003,2,1
49004,2,1
49005,1,1
49006,2,2
49007,1,1
49008,1,1
49009,1,1
49010,1,1
49011,1,1
49012,2,2
49013,1,1
49014,1,1
49015,2,2
49016,1,1
49017,1,1
49018,1,1
49019,1,1
49020,1,1
49021,1,1
49022,1,1
49023,1,1
49024,3,3
49025,1,1
49026,5,3
49027,1,1
49028,1,1
49029,1,1
49030,1,1
49031,3,1
49032,1,1
49033,3,2
49034,2,2
49035,1,1
49036,1,1
49037,1,1
49038,2,2
49039,1,1
49040,1,1
49041,1,1
49042,1,1
49043,2,2
49044,4,4
49045,1,1
49046,2,2
49047,1,1
49048,1,1
49049,1,1
49050,5,4
49051,5,3
49052,1,1
49053,1,1
49054,1,1
49055,1,1
49056,1,1
49057,1,1
49058,1,1
49059,4,2
49060,1,1
49061,1,1
49062,1,1
49063,6,4
49064,1,1
49065,1,1
49066,1,1
49067,1,1
49068,6,3
49069,1,1
49070,2,2
49071,4,3
49072,2,1
49073,1,1
49074,1,1
49075,1,1
49076,1,1
49077,5,4
49078,1,1
49079,2,1
49080,2,2
49081,1,1
49082,2,2
49083,1,1
49084,1,1
49085,2,2
49086,1,1
49087,1,1
49088,2,2
49089,1,1
49090,1,1
49091,1,1
49092,2,2
49093,1,1
49094,1,1
49095,1,1
49096,1,1
49097,1,1
49098,1,1
49099,1,1
49100,1,1
49101,1,1
49102,1,1
49103,1,1
49104,1,1
49105,1,1
49106,1,1
49107,1,1
49108,1,1
49109,1,1
49110,1,1
49111,1,1
49112,1,1
49113,1,1
49114,1,1
49115,2,1
49116,4,2
49117,1,1
49118,1,1
49119,5,4
49120,1,1
49121,13,10
49122,1,1
49123,2,1
49124,2,2
49125,1,1
49126,1,1
49127,1,1
49128,3,2
49129,1,1
49130,2,2
49131,1,1
49132,1,1
49133,1,1
49134,1,1
49135,1,1
49136,1,1
49137,1,1
49138,1,1
49139,1,1
49140,1,1
49141,1,1
49142,13,13
49143,1,1
49144,1,1
49145,1,1
49146,1,1
49147,1,1
49148,1,1
49149,2,2
49150,1,1
49151,1,1
49152,1,1
49153,2,2
49154,2,2
49155,1,1
49156,1,1
49157,4,3
49158,1,1
49159,1,1
49160,1,1
49161,1,1
49162,1,1
49163,1,1
49164,7,7
49165,10,7
49166,2,1
49167,3,2
49168,3,2
49169,1,1
49170,1,1
49171,1,1
49172,1,1
49173,4,3
49174,1,1
49175,1,1
49176,6,5
49177,1,1
49178,1,1
49179,1,1
49180,1,1
49181,1,1
49182,1,1
49183,2,2
49184,2,2
49185,1,1
49186,1,1
49187,1,1
49188,1,1
49189,1,1
49190,1,1
49191,1,1
49192,1,1
49193,1,1
49194,1,1
49195,1,1
49196,1,1
49197,2,2
49198,3,2
49199,1,1
49200,1,1
49201,2,1
49202,1,1
49203,1,1
49204,1,1
49205,5,4
49206,4,4
49207,1,1
49208,1,1
49209,3,3
49210,10,7
49211,1,1
49212,5,4
49213,2,2
49214,2,1
49215,1,1
49216,1,1
49217,1,1
49218,1,1
49219,2,2
49220,1,1
49221,1,1
49222,1,1
49223,3,2
49224,1,1
49225,1,1
49226,3,3
49227,1,1
49228,1,1
49229,1,1
49230,1,1
49231,2,2
49232,2,2
49233,2,1
49234,1,1
49235,1,1
49236,2,2
49237,3,3
49238,1,1
49239,1,1
49240,2,2
49241,1,1
49242,1,1
49243,1,1
49244,1,1
49245,2,2
49246,4,2
49247,2,2
49248,9,5
49249,1,1
49250,2,2
49251,2,2
49252,1,1
49253,1,1
49254,1,1
49255,1,1
49256,2,1
49257,1,1
49258,2,2
49259,1,1
49260,1,1
49261,1,1
49262,1,1
49263,1,1
49264,1,1
49265,1,1
49266,1,1
49267,1,1
49268,1,1
49269,1,1
49270,1,1
49271,1,1
49272,1,1
49273,5,3
49274,3,2
49275,10,7
49276,1,1
49277,1,1
49278,1,1
49279,3,3
49280,5,3
49281,1,1
49282,2,2
49283,1,1
49284,1,1
49285,1,1
49286,1,1
49287,1,1
49288,1,1
49289,1,1
49290,1,1
49291,1,1
49292,1,1
49293,1,1
49294,1,1
49295,1,1
49296,2,1
49297,1,1
49298,1,1
49299,1,1
49300,3,2
49301,1,1
49302,2,2
49303,5,2
49304,2,2
49305,5,4
49306,1,1
49307,1,1
49308,4,3
49309,1,1
49310,3,2
49311,3,2
49312,1,1
49313,1,1
49314,5,4
49315,1,1
49316,1,1
49317,1,1
49318,2,2
49319,30,10
49320,2,2
49321,1,1
49322,1,1
49323,5,3
49324,4,3
49325,1,1
49326,3,3
49327,1,1
49328,9,4
49329,2,2
49330,1,1
49331,3,3
49332,1,1
49333,1,1
49334,2,2
49335,1,1
49336,1,1
49337,2,2
49338,1,1
49339,1,1
49340,1,1
49341,2,1
49342,1,1
49343,2,1
49344,1,1
49345,2,2
49346,16,10
49347,1,1
49348,1,1
49349,2,2
49350,1,1
49351,1,1
49352,3,2
49353,1,1
49354,1,1
49355,1,1
49356,8,7
49357,1,1
49358,1,1
49359,1,1
49360,1,1
49361,3,2
49362,1,1
49363,2,1
49364,1,1
49365,2,1
49366,1,1
49367,1,1
49368,1,1
49369,1,1
49370,1,1
49371,1,1
49372,1,1
49373,1,1
49374,1,1
49375,1,1
49376,1,1
49377,1,1
49378,1,1
49379,1,1
49380,2,1
49381,2,2
49382,2,2
49383,1,1
49384,1,1
49385,1,1
49386,8,7
49387,7,6
49388,2,2
49389,3,2
49390,1,1
49391,1,1
49392,1,1
49393,1,1
49394,3,1
49395,3,2
49396,2,2
49397,8,6
49398,2,1
49399,1,1
49400,1,1
49401,1,1
49402,1,1
49403,1,1
49404,1,1
49405,1,1
49406,1,1
49407,2,1
49408,1,1
49409,3,3
49410,1,1
49411,2,2
49412,1,1
49413,3,1
49414,8,6
49415,1,1
49416,5,3
49417,2,2
49418,1,1
49419,1,1
49420,1,1
49421,1,1
49422,4,1
49423,6,5
49424,1,1
49425,1,1
49426,1,1
49427,1,1
49428,3,2
49429,1,1
49430,2,1
49431,1,1
49432,1,1
49433,1,1
49434,1,1
49435,1,1
49436,1,1
49437,1,1
49438,3,3
49439,1,1
49440,1,1
49441,2,1
49442,1,1
49443,1,1
49444,3,2
49445,1,1
49446,1,1
49447,2,2
49448,1,1
49449,2,2
49450,1,1
49451,1,1
49452,2,1
49453,1,1
49454,1,1
49455,2,2
49456,3,2
49457,3,2
49458,1,1
49459,1,1
49460,1,1
49461,1,1
49462,1,1
49463,1,1
49464,1,1
49465,1,1
49466,2,1
49467,1,1
49468,2,2
49469,1,1
49470,1,1
49471,1,1
49472,1,1
49473,2,1
49474,1,1
49475,1,1
49476,1,1
49477,1,1
49478,1,1
49479,1,1
49480,1,1
49481,1,1
49482,3,1
49483,2,1
49484,1,1
49485,1,1
49486,8,4
49487,1,1
49488,1,1
49489,2,2
49490,1,1
49491,4,2
49492,1,1
49493,1,1
49494,1,1
49495,2,2
49496,1,1
49497,10,10
49498,1,1
49499,1,1
49500,1,1
49501,4,3
49502,4,3
49503,1,1
49504,1,1
49505,1,1
49506,1,1
49507,1,1
49508,4,2
49509,1,1
49510,1,1
49511,1,1
49512,3,2
49513,1,1
49514,4,3
49515,1,1
49516,1,1
49517,1,1
49518,1,1
49519,1,1
49520,8,5
49521,6,4
49522,1,1
49523,3,3
49524,1,1
49525,1,1
49526,1,1
49527,6,3
49528,4,3
49529,2,2
49530,1,1
49531,1,1
49532,1,1
49533,2,1
49534,1,1
49535,1,1
49536,1,1
49537,1,1
49538,1,1
49539,1,1
49540,1,1
49541,1,1
49542,2,1
49543,1,1
49544,5,2
49545,1,1
49546,1,1
49547,1,1
49548,1,1
49549,1,1
49550,15,8
49551,2,2
49552,1,1
49553,1,1
49554,2,1
49555,1,1
49556,1,1
49557,1,1
49558,1,1
49559,1,1
49560,1,1
49561,1,1
49562,1,1
49563,1,1
49564,6,5
49565,1,1
49566,1,1
49567,5,4
49568,1,1
49569,1,1
49570,2,2
49571,1,1
49572,1,1
49573,1,1
49574,1,1
49575,1,1
49576,1,1
49577,1,1
49578,1,1
49579,1,1
49580,1,1
49581,3,3
49582,1,1
49583,1,1
49584,1,1
49585,1,1
49586,1,1
49587,2,2
49588,1,1
49589,1,1
49590,4,3
49591,5,3
49592,1,1
49593,2,2
49594,1,1
49595,13,5
49596,1,1
49597,5,5
49598,1,1
49599,1,1
49600,1,1
49601,1,1
49602,1,1
49603,2,2
49604,2,1
49605,2,2
49606,1,1
49607,1,1
49608,1,1
49609,1,1
49610,1,1
49611,1,1
49612,7,5
49613,1,1
49614,1,1
49615,1,1
49616,2,2
49617,1,1
49618,1,1
49619,1,1
49620,1,1
49621,1,1
49622,2,1
49623,2,2
49624,1,1
49625,1,1
49626,1,1
49627,1,1
49628,1,1
49629,1,1
49630,1,1
49631,2,1
49632,3,2
49633,1,1
49634,1,1
49635,3,3
49636,1,1
49637,1,1
49638,1,1
49639,1,1
49640,1,1
49641,1,1
49642,1,1
49643,2,2
49644,2,2
49645,1,1
49646,1,1
49647,1,1
49648,1,1
49649,1,1
49650,3,3
49651,1,1
49652,5,3
49653,2,1
49654,1,1
49655,1,1
49656,1,1
49657,1,1
49658,1,1
49659,1,1
49660,2,2
49661,1,1
49662,1,1
49663,1,1
49664,2,2
49665,3,2
49666,2,2
49667,1,1
49668,1,1
49669,2,2
49670,1,1
49671,1,1
49672,1,1
49673,1,1
49674,1,1
49675,1,1
49676,1,1
49677,1,1
49678,3,1
49679,1,1
49680,2,2
49681,1,1
49682,8,5
49683,1,1
49684,2,2
49685,3,3
49686,1,1
49687,1,1
49688,1,1
49689,1,1
49690,1,1
49691,2,2
49692,1,1
49693,1,1
49694,1,1
49695,1,1
49696,7,6
49697,1,1
49698,2,1
49699,1,1
49700,1,1
49701,1,1
49702,2,2
49703,1,1
49704,2,2
49705,1,1
49706,1,1
49707,1,1
49708,1,1
49709,5,4
49710,2,1
49711,1,1
49712,6,4
49713,1,1
49714,1,1
49715,6,5
49716,3,3
49717,1,1
49718,1,1
49719,1,1
49720,1,1
49721,1,1
49722,1,1
49723,1,1
49724,1,1
49725,8,4
49726,1,1
49727,1,1
49728,1,1
49729,2,2
49730,1,1
49731,1,1
49732,1,1
49733,1,1
49734,1,1
49735,1,1
49736,1,1
49737,1,1
49738,1,1
49739,1,1
49740,1,1
49741,1,1
49742,2,2
49743,3,2
49744,1,1
49745,2,2
49746,3,1
49747,2,2
49748,1,1
49749,1,1
49750,1,1
49751,2,2
49752,1,1
49753,2,1
49754,1,1
49755,1,1
49756,2,2
49757,1,1
49758,1,1
49759,1,1
49760,2,2
49761,1,1
49762,1,1
49763,3,2
49764,1,1
49765,2,1
49766,1,1
49767,1,1
49768,4,2
49769,1,1
49770,3,3
49771,1,1
49772,1,1
49773,1,1
49774,1,1
49775,1,1
49776,6,5
49777,1,1
49778,1,1
49779,1,1
49780,1,1
49781,2,2
49782,1,1
49783,1,1
49784,1,1
49785,1,1
49786,1,1
49787,2,2
49788,1,1
49789,1,1
49790,1,1
49791,2,2
49792,1,1
49793,1,1
49794,1,1
49795,2,1
49796,1,1
49797,1,1
49798,1,1
49799,2,1
49800,4,4
49801,1,1
49802,1,1
49803,1,1
49804,2,2
49805,1,1
49806,1,1
49807,1,1
49808,3,2
49809,1,1
49810,1,1
49811,3,2
49812,1,1
49813,1,1
49814,2,2
49815,1,1
49816,1,1
49817,1,1
49818,1,1
49819,1,1
49820,1,1
49821,1,1
49822,6,5
49823,1,1
49824,1,1
49825,1,1
49826,1,1
49827,1,1
49828,1,1
49829,2,1
49830,5,3
49831,1,1
49832,5,3
49833,1,1
49834,1,1
49835,1,1
49836,1,1
49837,1,1
49838,1,1
49839,1,1
49840,3,3
49841,1,1
49842,1,1
49843,1,1
49844,2,2
49845,1,1
49846,1,1
49847,2,1
49848,3,2
49849,1,1
49850,1,1
49851,1,1
49852,1,1
49853,1,1
49854,4,2
49855,3,2
49856,1,1
49857,11,5
49858,2,2
49859,1,1
49860,1,1
49861,1,1
49862,1,1
49863,1,1
49864,1,1
49865,1,1
49866,1,1
49867,1,1
49868,6,3
49869,1,1
49870,5,4
49871,1,1
49872,1,1
49873,4,4
49874,1,1
49875,1,1
49876,1,1
49877,2,2
49878,1,1
49879,2,2
49880,1,1
49881,2,2
49882,5,3
49883,1,1
49884,1,1
49885,1,1
49886,3,3
49887,1,1
49888,1,1
49889,1,1
49890,1,1
49891,3,2
49892,1,1
49893,2,1
49894,2,2
49895,1,1
49896,1,1
49897,1,1
49898,3,3
49899,1,1
49900,1,1
49901,1,1
49902,1,1
49903,2,2
49904,1,1
49905,1,1
49906,1,1
49907,10,5
49908,1,1
49909,3,3
49910,1,1
49911,1,1
49912,1,1
49913,2,1
49914,1,1
49915,1,1
49916,1,1
49917,2,2
49918,3,3
49919,1,1
49920,1,1
49921,1,1
49922,5,3
49923,1,1
49924,7,3
49925,1,1
49926,1,1
49927,1,1
49928,1,1
49929,1,1
49930,4,4
49931,1,1
49932,1,1
49933,1,1
49934,2,2
49935,1,1
49936,16,12
49937,3,1
49938,1,1
49939,7,4
49940,1,1
49941,1,1
49942,1,1
49943,1,1
49944,1,1
49945,1,1
49946,1,1
49947,1,1
49948,3,3
49949,1,1
49950,1,1
49951,1,1
49952,1,1
49953,1,1
49954,1,1
49955,1,1
49956,1,1
49957,1,1
49958,1,1
49959,3,3
49960,1,1
49961,2,2
49962,1,1
49963,8,6
49964,2,1
49965,9,6
49966,1,1
49967,1,1
49968,1,1
49969,1,1
49970,2,2
49971,1,1
49972,6,4
49973,1,1
49974,1,1
49975,4,4
49976,1,1
49977,1,1
49978,1,1
49979,1,1
49980,1,1
49981,1,1
49982,22,10
49983,1,1
49984,1,1
49985,1,1
49986,1,1
49987,1,1
49988,5,4
49989,1,1
49990,2,2
49991,1,1
49992,1,1
49993,1,1
49994,1,1
49995,1,1
49996,1,1
49997,5,3
49998,1,1
49999,1,1
50000,1,1
50001,1,1
50002,1,1
50003,1,1
50004,1,1
50005,2,1
50006,1,1
50007,3,2
50008,1,1
50009,3,2
50010,1,1
50011,1,1
50012,2,2
50013,1,1
50014,1,1
50015,1,1
50016,1,1
50017,1,1
50018,1,1
50019,1,1
50020,4,3
50021,4,3
50022,1,1
50023,3,2
50024,1,1
50025,1,1
50026,1,1
50027,16,10
50028,1,1
50029,1,1
50030,1,1
50031,3,2
50032,1,1
50033,1,1
50034,1,1
50035,1,1
50036,1,1
50037,2,2
50038,1,1
50039,1,1
50040,1,1
50041,1,1
50042,1,1
50043,2,1
50044,1,1
50045,1,1
50046,1,1
50047,1,1
50048,2,1
50049,2,1
50050,1,1
50051,1,1
50052,1,1
50053,3,3
50054,1,1
50055,2,1
50056,1,1
50057,2,1
50058,1,1
50059,1,1
50060,1,1
50061,1,1
50062,1,1
50063,1,1
50064,2,2
50065,1,1
50066,1,1
50067,2,2
50068,1,1
50069,1,1
50070,1,1
50071,2,2
50072,2,2
50073,1,1
50074,1,1
50075,1,1
50076,1,1
50077,1,1
50078,1,1
50079,5,3
50080,1,1
50081,1,1
50082,3,3
50083,1,1
50084,1,1
50085,1,1
50086,3,2
50087,40,12
50088,1,1
50089,2,1
50090,1,1
50091,1,1
50092,1,1
50093,1,1
50094,1,1
50095,3,1
50096,7,5
50097,1,1
50098,1,1
50099,1,1
50100,1,1
50101,1,1
50102,1,1
50103,2,2
50104,16,5
50105,16,10
50106,2,2
50107,2,1
50108,1,1
50109,8,7
50110,1,1
50111,1,1
50112,1,1
50113,1,1
50114,6,3
50115,2,2
50116,1,1
50117,2,2
50118,1,1
50119,10,5
50120,2,2
50121,2,2
50122,1,1
50123,1,1
50124,2,2
50125,2,2
50126,1,1
50127,1,1
50128,3,2
50129,1,1
50130,1,1
50131,1,1
50132,1,1
50133,1,1
50134,4,3
50135,2,2
50136,2,2
50137,3,3
50138,3,3
50139,1,1
50140,1,1
50141,2,2
50142,2,2
50143,3,3
50144,2,2
50145,1,1
50146,2,2
50147,2,2
50148,4,3
50149,2,2
50150,2,2
50151,2,2
50152,1,1
50153,1,1
50154,3,3
50155,2,2
50156,1,1
50157,1,1
50158,1,1
50159,1,1
50160,1,1
50161,1,1
50162,1,1
50163,1,1
50164,1,1
50165,1,1
50166,1,1
50167,6,3
50168,1,1
50169,1,1
50170,1,1
50171,6,2
50172,3,2
50173,1,1
50174,2,1
50175,1,1
50176,1,1
50177,1,1
50178,2,1
50179,1,1
50180,1,1
50181,1,1
50182,2,1
50183,3,2
50184,1,1
50185,2,2
50186,2,1
50187,1,1
50188,1,1
50189,1,1
50190,3,2
50191,1,1
50192,1,1
50193,1,1
50194,3,2
50195,2,2
50196,2,2
50197,1,1
50198,1,1
50199,1,1
50200,1,1
50201,1,1
50202,1,1
50203,6,2
50204,1,1
50205,1,1
50206,1,1
50207,2,2
50208,1,1
50209,1,1
50210,1,1
50211,1,1
50212,2,2
50213,1,1
50214,1,1
50215,1,1
50216,5,2
50217,1,1
50218,1,1
50219,1,1
50220,1,1
50221,2,2
50222,1,1
50223,1,1
50224,1,1
50225,1,1
50226,2,1
50227,1,1
50228,3,3
50229,2,2
50230,1,1
50231,2,2
50232,3,3
50233,1,1
50234,1,1
50235,1,1
50236,1,1
50237,1,1
50238,1,1
50239,1,1
50240,6,5
50241,1,1
50242,2,2
50243,2,2
50244,1,1
50245,4,3
50246,2,2
50247,1,1
50248,1,1
50249,1,1
50250,1,1
50251,2,2
50252,1,1
50253,1,1
50254,3,3
50255,1,1
50256,1,1
50257,1,1
50258,1,1
50259,1,1
50260,1,1
50261,1,1
50262,1,1
50263,1,1
50264,2,2
50265,2,2
50266,4,2
50267,4,3
50268,5,3
50269,2,2
50270,1,1
50271,4,2
50272,6,4
50273,3,2
50274,2,2
50275,1,1
50276,2,1
50277,1,1
50278,2,2
50279,1,1
50280,4,3
50281,1,1
50282,8,3
50283,1,1
50284,3,3
50285,2,2
50286,1,1
50287,1,1
50288,2,2
50289,1,1
50290,1,1
50291,3,3
50292,1,1
50293,1,1
50294,1,1
50295,2,2
50296,1,1
50297,1,1
50298,2,2
50299,2,2
50300,2,1
50301,1,1
50302,5,4
50303,3,3
50304,1,1
50305,1,1
50306,1,1
50307,1,1
50308,1,1
50309,1,1
50310,3,3
50311,2,2
50312,1,1
50313,1,1
50314,1,1
50315,1,1
50316,2,2
50317,2,2
50318,1,1
50319,1,1
50320,1,1
50321,1,1
50322,1,1
50323,2,2
50324,2,2
50325,3,2
50326,1,1
50327,5,4
50328,1,1
50329,1,1
50330,1,1
50331,2,1
50332,2,2
50333,1,1
50334,3,2
50335,1,1
50336,1,1
50337,1,1
50338,2,2
50339,3,3
50340,1,1
50341,1,1
50342,2,2
50343,1,1
50344,1,1
50345,1,1
50346,1,1
50347,1,1
50348,1,1
50349,1,1
50350,1,1
50351,1,1
50352,1,1
50353,1,1
50354,3,3
50355,1,1
50356,3,2
50357,1,1
50358,2,2
50359,1,1
50360,1,1
50361,1,1
50362,4,3
50363,9,6
50364,4,4
50365,1,1
50366,1,1
50367,2,1
50368,9,5
50369,2,2
50370,1,1
50371,1,1
50372,2,2
50373,2,1
50374,1,1
50375,1,1
50376,1,1
50377,1,1
50378,1,1
50379,6,4
50380,1,1
50381,1,1
50382,2,2
50383,2,1
50384,1,1
50385,1,1
50386,1,1
50387,1,1
50388,10,3
50389,1,1
50390,1,1
50391,1,1
50392,6,4
50393,1,1
50394,1,1
50395,1,1
50396,4,4
50397,1,1
50398,4,3
50399,1,1
50400,3,2
50401,6,3
50402,1,1
50403,2,1
50404,2,2
50405,1,1
50406,3,2
50407,1,1
50408,1,1
50409,1,1
50410,1,1
50411,1,1
50412,2,1
50413,1,1
50414,2,2
50415,2,1
50416,1,1
50417,1,1
50418,2,1
50419,1,1
50420,1,1
50421,1,1
50422,1,1
50423,1,1
50424,2,1
50425,3,2
50426,2,2
50427,1,1
50428,1,1
50429,1,1
50430,2,2
50431,1,1
50432,1,1
50433,1,1
50434,1,1
50435,1,1
50436,3,2
50437,1,1
50438,1,1
50439,1,1
50440,2,2
50441,1,1
50442,2,2
50443,1,1
50444,1,1
50445,1,1
50446,1,1
50447,2,1
50448,1,1
50449,2,2
50450,1,1
50451,1,1
50452,1,1
50453,1,1
50454,1,1
50455,3,3
50456,1,1
50457,1,1
50458,1,1
50459,3,2
50460,1,1
50461,1,1
50462,1,1
50463,1,1
50464,1,1
50465,1,1
50466,1,1
50467,2,1
50468,1,1
50469,2,2
50470,1,1
50471,6,5
50472,1,1
50473,1,1
50474,1,1
50475,1,1
50476,1,1
50477,10,4
50478,3,2
50479,6,4
50480,1,1
50481,1,1
50482,5,4
50483,1,1
50484,1,1
50485,1,1
50486,1,1
50487,1,1
50488,3,2
50489,1,1
50490,1,1
50491,1,1
50492,2,1
50493,2,1
50494,1,1
50495,1,1
50496,1,1
50497,1,1
50498,1,1
50499,1,1
50500,1,1
50501,1,1
50502,2,2
50503,5,3
50504,1,1
50505,1,1
50506,1,1
50507,1,1
50508,3,2
50509,1,1
50510,2,2
50511,1,1
50512,1,1
50513,1,1
50514,1,1
50515,14,9
50516,1,1
50517,1,1
50518,1,1
50519,1,1
50520,3,3
50521,1,1
50522,2,2
50523,1,1
50524,1,1
50525,1,1
50526,1,1
50527,1,1
50528,3,2
50529,2,2
50530,2,1
50531,3,3
50532,2,1
50533,1,1
50534,1,1
50535,1,1
50536,1,1
50537,1,1
50538,1,1
50539,1,1
50540,1,1
50541,1,1
50542,2,1
50543,1,1
50544,1,1
50545,1,1
50546,1,1
50547,10,6
50548,1,1
50549,3,3
50550,1,1
50551,1,1
50552,1,1
50553,2,1
50554,1,1
50555,1,1
50556,1,1
50557,2,2
50558,1,1
50559,1,1
50560,1,1
50561,2,1
50562,1,1
50563,1,1
50564,1,1
50565,6,4
50566,2,2
50567,1,1
50568,1,1
50569,3,3
50570,1,1
50571,3,2
50572,1,1
50573,1,1
50574,1,1
50575,1,1
50576,1,1
50577,1,1
50578,7,4
50579,1,1
50580,1,1
50581,8,4
50582,1,1
50583,1,1
50584,1,1
50585,1,1
50586,1,1
50587,1,1
50588,1,1
50589,1,1
50590,1,1
50591,1,1
50592,3,3
50593,7,6
50594,1,1
50595,1,1
50596,1,1
50597,1,1
50598,5,3
50599,1,1
50600,1,1
50601,1,1
50602,5,2
50603,1,1
50604,1,1
50605,1,1
50606,1,1
50607,1,1
50608,1,1
50609,1,1
50610,5,4
50611,1,1
50612,1,1
50613,5,3
50614,1,1
50615,5,4
50616,1,1
50617,1,1
50618,2,1
50619,2,2
50620,3,2
50621,3,2
50622,1,1
50623,1,1
50624,1,1
50625,1,1
50626,1,1
50627,1,1
50628,1,1
50629,1,1
50630,1,1
50631,1,1
50632,1,1
50633,1,1
50634,1,1
50635,1,1
50636,1,1
50637,4,2
50638,1,1
50639,1,1
50640,1,1
50641,1,1
50642,1,1
50643,2,2
50644,1,1
50645,1,1
50646,3,2
50647,1,1
50648,1,1
50649,1,1
50650,2,2
50651,3,3
50652,1,1
50653,2,2
50654,1,1
50655,2,1
50656,2,1
50657,1,1
50658,3,2
50659,1,1
50660,2,2
50661,2,1
50662,1,1
50663,1,1
50664,2,2
50665,4,2
50666,1,1
50667,1,1
50668,1,1
50669,1,1
50670,2,2
50671,3,2
50672,1,1
50673,7,3
50674,3,2
50675,1,1
50676,2,2
50677,1,1
50678,1,1
50679,1,1
50680,1,1
50681,1,1
50682,1,1
50683,8,8
50684,1,1
50685,1,1
50686,1,1
50687,5,5
50688,2,2
50689,1,1
50690,1,1
50691,5,4
50692,1,1
50693,1,1
50694,1,1
50695,1,1
50696,1,1
50697,1,1
50698,3,3
50699,1,1
50700,4,2
50701,1,1
50702,1,1
50703,2,2
50704,1,1
50705,1,1
50706,1,1
50707,1,1
50708,3,2
50709,1,1
50710,1,1
50711,1,1
50712,1,1
50713,1,1
50714,1,1
50715,1,1
50716,1,1
50717,8,4
50718,2,2
50719,3,3
50720,3,2
50721,1,1
50722,3,3
50723,2,2
50724,1,1
50725,1,1
50726,1,1
50727,3,2
50728,4,3
50729,3,2
50730,1,1
50731,1,1
50732,1,1
50733,1,1
50734,1,1
50735,1,1
50736,1,1
50737,3,2
50738,1,1
50739,1,1
50740,1,1
50741,1,1
50742,2,1
50743,1,1
50744,1,1
50745,5,5
50746,2,2
50747,1,1
50748,1,1
50749,1,1
50750,1,1
50751,2,2
50752,3,2
50753,1,1
50754,1,1
50755,1,1
50756,3,2
50757,13,3
50758,2,2
50759,1,1
50760,1,1
50761,1,1
50762,1,1
50763,14,6
50764,1,1
50765,3,2
50766,1,1
50767,1,1
50768,1,1
50769,1,1
50770,1,1
50771,1,1
50772,2,2
50773,2,2
50774,1,1
50775,1,1
50776,1,1
50777,2,2
50778,1,1
50779,4,3
50780,1,1
50781,1,1
50782,2,2
50783,1,1
50784,1,1
50785,1,1
50786,4,3
50787,1,1
50788,1,1
50789,1,1
50790,2,1
50791,1,1
50792,1,1
50793,1,1
50794,1,1
50795,1,1
50796,1,1
50797,1,1
50798,1,1
50799,1,1
50800,2,2
50801,2,1
50802,1,1
50803,2,2
50804,2,2
50805,1,1
50806,1,1
50807,1,1
50808,1,1
50809,1,1
50810,1,1
50811,2,2
50812,1,1
50813,1,1
50814,2,1
50815,1,1
50816,1,1
50817,4,3
50818,1,1
50819,1,1
50820,1,1
50821,3,2
50822,1,1
50823,1,1
50824,1,1
50825,1,1
50826,1,1
50827,1,1
50828,1,1
50829,1,1
50830,1,1
50831,1,1
50832,1,1
50833,1,1
50834,3,2
50835,2,1
50836,1,1
50837,1,1
50838,1,1
50839,1,1
50840,1,1
50841,1,1
50842,1,1
50843,1,1
50844,1,1
50845,1,1
50846,1,1
50847,2,2
50848,3,1
50849,1,1
50850,1,1
50851,1,1
50852,1,1
50853,1,1
50854,1,1
50855,1,1
50856,1,1
50857,1,1
50858,1,1
50859,1,1
50860,1,1
50861,1,1
50862,1,1
50863,2,2
50864,1,1
50865,1,1
50866,1,1
50867,1,1
50868,3,2
50869,4,2
50870,1,1
50871,1,1
50872,1,1
50873,1,1
50874,1,1
50875,6,5
50876,1,1
50877,6,4
50878,1,1
50879,1,1
50880,1,1
50881,4,3
50882,1,1
50883,3,2
50884,1,1
50885,1,1
50886,2,2
50887,1,1
50888,3,2
50889,2,1
50890,1,1
50891,1,1
50892,1,1
50893,1,1
50894,1,1
50895,1,1
50896,1,1
50897,1,1
50898,1,1
50899,6,4
50900,1,1
50901,1,1
50902,1,1
50903,1,1
50904,1,1
50905,3,2
50906,1,1
50907,1,1
50908,1,1
50909,1,1
50910,1,1
50911,1,1
50912,3,3
50913,1,1
50914,1,1
50915,2,2
50916,2,2
50917,1,1
50918,1,1
50919,1,1
50920,1,1
50921,4,4
50922,1,1
50923,1,1
50924,3,3
50925,1,1
50926,16,7
50927,1,1
50928,2,2
50929,2,2
50930,2,1
50931,1,1
50932,1,1
50933,2,2
50934,1,1
50935,1,1
50936,1,1
50937,1,1
50938,1,1
50939,1,1
50940,1,1
50941,4,3
50942,1,1
50943,1,1
50944,2,1
50945,2,1
50946,1,1
50947,1,1
50948,1,1
50949,1,1
50950,2,2
50951,1,1
50952,1,1
50953,1,1
50954,2,2
50955,1,1
50956,2,2
50957,1,1
50958,2,2
50959,1,1
50960,1,1
50961,1,1
50962,1,1
50963,1,1
50964,1,1
50965,1,1
50966,5,3
50967,3,3
50968,1,1
50969,1,1
50970,2,2
50971,1,1
50972,1,1
50973,1,1
50974,1,1
50975,3,2
50976,1,1
50977,1,1
50978,4,3
50979,1,1
50980,4,3
50981,1,1
50982,1,1
50983,1,1
50984,1,1
50985,1,1
50986,1,1
50987,3,3
50988,1,1
50989,2,1
50990,2,2
50991,1,1
50992,1,1
50993,5,3
50994,4,3
50995,1,1
50996,1,1
50997,1,1
50998,2,2
50999,3,2
51000,2,1
51001,1,1
51002,1,1
51003,1,1
51004,1,1
51005,3,3
51006,2,2
51007,1,1
51008,1,1
51009,1,1
51010,1,1
51011,1,1
51012,1,1
51013,1,1
51014,3,2
51015,1,1
51016,1,1
51017,1,1
51018,1,1
51019,1,1
51020,2,1
51021,1,1
51022,1,1
51023,1,1
51024,1,1
51025,1,1
51026,1,1
51027,1,1
51028,1,1
51029,1,1
51030,1,1
51031,1,1
51032,1,1
51033,2,2
51034,2,2
51035,3,3
51036,1,1
51037,1,1
51038,1,1
51039,1,1
51040,1,1
51041,1,1
51042,1,1
51043,1,1
51044,1,1
51045,1,1
51046,3,2
51047,1,1
51048,1,1
51049,1,1
51050,1,1
51051,1,1
51052,1,1
51053,1,1
51054,3,2
51055,2,1
51056,1,1
51057,1,1
51058,2,1
51059,1,1
51060,2,2
51061,5,2
51062,2,2
51063,1,1
51064,1,1
51065,1,1
51066,2,2
51067,1,1
51068,1,1
51069,2,1
51070,1,1
51071,1,1
51072,1,1
51073,10,4
51074,1,1
51075,2,1
51076,1,1
51077,1,1
51078,1,1
51079,1,1
51080,1,1
51081,3,2
51082,1,1
51083,1,1
51084,1,1
51085,10,7
51086,1,1
51087,1,1
51088,1,1
51089,2,1
51090,1,1
51091,1,1
51092,1,1
51093,2,2
51094,1,1
51095,1,1
51096,1,1
51097,3,1
51098,2,1
51099,1,1
51100,3,2
51101,2,2
51102,1,1
51103,1,1
51104,5,2
51105,2,2
51106,1,1
51107,1,1
51108,2,1
51109,1,1
51110,3,2
51111,1,1
51112,1,1
51113,1,1
51114,1,1
51115,1,1
51116,1,1
51117,1,1
51118,1,1
51119,1,1
51120,1,1
51121,5,4
51122,1,1
51123,1,1
51124,1,1
51125,1,1
51126,1,1
51127,1,1
51128,1,1
51129,4,3
51130,3,2
51131,1,1
51132,1,1
51133,1,1
51134,1,1
51135,2,1
51136,1,1
51137,1,1
51138,1,1
51139,1,1
51140,1,1
51141,4,4
51142,1,1
51143,1,1
51144,1,1
51145,1,1
51146,1,1
51147,1,1
51148,1,1
51149,2,2
51150,1,1
51151,1,1
51152,1,1
51153,2,2
51154,1,1
51155,1,1
51156,1,1
51157,5,2
51158,3,2
51159,2,1
51160,1,1
51161,1,1
51162,1,1
51163,3,2
51164,1,1
51165,3,2
51166,1,1
51167,1,1
51168,1,1
51169,1,1
51170,1,1
51171,2,1
51172,2,2
51173,5,4
51174,1,1
51175,2,1
51176,1,1
51177,2,2
51178,1,1
51179,4,2
51180,1,1
51181,1,1
51182,1,1
51183,4,4
51184,1,1
51185,2,1
51186,1,1
51187,2,2
51188,1,1
51189,2,2
51190,2,1
51191,2,1
51192,1,1
51193,1,1
51194,3,3
51195,1,1
51196,1,1
51197,3,2
51198,1,1
51199,13,6
51200,1,1
51201,2,2
51202,1,1
51203,1,1
51204,1,1
51205,1,1
51206,1,1
51207,1,1
51208,2,1
51209,1,1
51210,1,1
51211,1,1
51212,1,1
51213,1,1
51214,3,2
51215,1,1
51216,2,2
51217,1,1
51218,1,1
51219,1,1
51220,1,1
51221,1,1
51222,1,1
51223,1,1
51224,1,1
51225,1,1
51226,2,1
51227,3,3
51228,2,2
51229,1,1
51230,1,1
51231,1,1
51232,1,1
51233,1,1
51234,1,1
51235,1,1
51236,1,1
51237,4,2
51238,1,1
51239,1,1
51240,1,1
51241,2,2
51242,2,1
51243,2,1
51244,1,1
51245,1,1
51246,2,2
51247,1,1
51248,9,6
51249,1,1
51250,1,1
51251,1,1
51252,2,2
51253,2,2
51254,1,1
51255,14,6
51256,1,1
51257,1,1
51258,1,1
51259,2,1
51260,1,1
51261,1,1
51262,2,2
51263,1,1
51264,1,1
51265,3,2
51266,1,1
51267,11,6
51268,1,1
51269,2,2
51270,1,1
51271,4,3
51272,1,1
51273,1,1
51274,1,1
51275,1,1
51276,1,1
51277,2,1
51278,1,1
51279,1,1
51280,1,1
51281,1,1
51282,1,1
51283,1,1
51284,1,1
51285,1,1
51286,1,1
51287,2,1
51288,2,2
51289,1,1
51290,2,2
51291,1,1
51292,9,6
51293,1,1
51294,1,1
51295,2,2
51296,1,1
51297,6,2
51298,1,1
51299,1,1
51300,1,1
51301,2,1
51302,1,1
51303,3,1
51304,3,2
51305,3,2
51306,1,1
51307,1,1
51308,1,1
51309,1,1
51310,1,1
51311,1,1
51312,2,2
51313,1,1
51314,1,1
51315,1,1
51316,1,1
51317,2,2
51318,1,1
51319,1,1
51320,1,1
51321,1,1
51322,5,3
51323,1,1
51324,2,1
51325,1,1
51326,1,1
51327,1,1
51328,1,1
51329,4,3
51330,1,1
51331,2,1
51332,2,2
51333,1,1
51334,1,1
51335,1,1
51336,1,1
51337,1,1
51338,1,1
51339,1,1
51340,1,1
51341,1,1
51342,2,2
51343,1,1
51344,1,1
51345,1,1
51346,3,3
51347,5,4
51348,3,2
51349,1,1
51350,4,3
51351,1,1
51352,1,1
51353,1,1
51354,1,1
51355,1,1
51356,2,2
51357,1,1
51358,1,1
51359,1,1
51360,2,2
51361,12,5
51362,1,1
51363,1,1
51364,1,1
51365,2,2
51366,1,1
51367,1,1
51368,4,4
51369,1,1
51370,1,1
51371,1,1
51372,2,1
51373,1,1
51374,1,1
51375,2,1
51376,1,1
51377,1,1
51378,1,1
51379,1,1
51380,1,1
51381,1,1
51382,1,1
51383,3,2
51384,3,2
51385,1,1
51386,1,1
51387,1,1
51388,1,1
51389,2,2
51390,1,1
51391,1,1
51392,1,1
51393,1,1
51394,2,2
51395,1,1
51396,1,1
51397,1,1
51398,1,1
51399,1,1
51400,1,1
51401,1,1
51402,2,2
51403,1,1
51404,2,1
51405,1,1
51406,1,1
51407,1,1
51408,1,1
51409,5,3
51410,1,1
51411,1,1
51412,1,1
51413,2,2
51414,1,1
51415,2,1
51416,1,1
51417,1,1
51418,1,1
51419,1,1
51420,1,1
51421,1,1
51422,1,1
51423,1,1
51424,1,1
51425,1,1
51426,1,1
51427,1,1
51428,1,1
51429,1,1
51430,1,1
51431,1,1
51432,1,1
51433,1,1
51434,1,1
51435,1,1
51436,1,1
51437,2,2
51438,5,3
51439,9,4
51440,1,1
51441,1,1
51442,1,1
51443,1,1
51444,3,2
51445,1,1
51446,1,1
51447,1,1
51448,2,1
51449,1,1
51450,1,1
51451,1,1
51452,1,1
51453,1,1
51454,1,1
51455,2,1
51456,1,1
51457,1,1
51458,1,1
51459,1,1
51460,1,1
51461,3,2
51462,3,2
51463,1,1
51464,3,2
51465,1,1
51466,1,1
51467,2,1
51468,1,1
51469,1,1
51470,1,1
51471,1,1
51472,1,1
51473,3,3
51474,1,1
51475,1,1
51476,1,1
51477,1,1
51478,2,2
51479,1,1
51480,3,3
51481,1,1
51482,2,2
51483,1,1
51484,2,2
51485,1,1
51486,2,1
51487,2,1
51488,17,5
51489,1,1
51490,1,1
51491,5,4
51492,1,1
51493,2,1
51494,1,1
51495,1,1
51496,1,1
51497,1,1
51498,1,1
51499,1,1
51500,1,1
51501,1,1
51502,2,1
51503,1,1
51504,1,1
51505,1,1
51506,1,1
51507,1,1
51508,1,1
51509,1,1
51510,1,1
51511,2,2
51512,2,1
51513,1,1
51514,1,1
51515,1,1
51516,1,1
51517,1,1
51518,1,1
51519,2,1
51520,1,1
51521,1,1
51522,1,1
51523,1,1
51524,1,1
51525,2,1
51526,2,1
51527,1,1
51528,1,1
51529,2,2
51530,2,2
51531,1,1
51532,2,2
51533,6,4
51534,1,1
51535,1,1
51536,2,2
51537,1,1
51538,4,4
51539,1,1
51540,1,1
51541,1,1
51542,1,1
51543,1,1
51544,2,2
51545,1,1
51546,1,1
51547,1,1
51548,1,1
51549,1,1
51550,2,2
51551,4,2
51552,1,1
51553,2,2
51554,1,1
51555,3,2
51556,3,2
51557,7,4
51558,1,1
51559,1,1
51560,1,1
51561,2,2
51562,7,4
51563,1,1
51564,1,1
51565,5,3
51566,1,1
51567,1,1
51568,1,1
51569,2,2
51570,1,1
51571,2,2
51572,1,1
51573,1,1
51574,1,1
51575,4,1
51576,1,1
51577,1,1
51578,1,1
51579,5,4
51580,1,1
51581,2,2
51582,1,1
51583,1,1
51584,3,2
51585,4,3
51586,2,2
51587,1,1
51588,1,1
51589,1,1
51590,1,1
51591,1,1
51592,1,1
51593,1,1
51594,1,1
51595,1,1
51596,4,4
51597,1,1
51598,1,1
51599,4,3
51600,1,1
51601,1,1
51602,1,1
51603,4,3
51604,1,1
51605,3,2
51606,1,1
51607,1,1
51608,1,1
51609,1,1
51610,1,1
51611,1,1
51612,1,1
51613,2,2
51614,1,1
51615,1,1
51616,1,1
51617,1,1
51618,1,1
51619,1,1
51620,1,1
51621,1,1
51622,3,2
51623,1,1
51624,1,1
51625,1,1
51626,1,1
51627,3,3
51628,1,1
51629,1,1
51630,4,4
51631,1,1
51632,1,1
51633,1,1
51634,1,1
51635,1,1
51636,1,1
51637,4,3
51638,1,1
51639,1,1
51640,1,1
51641,3,2
51642,1,1
51643,1,1
51644,1,1
51645,1,1
51646,1,1
51647,1,1
51648,1,1
51649,4,3
51650,1,1
51651,1,1
51652,1,1
51653,1,1
51654,1,1
51655,5,4
51656,2,1
51657,3,2
51658,4,3
51659,1,1
51660,1,1
51661,1,1
51662,1,1
51663,1,1
51664,1,1
51665,2,2
51666,6,2
51667,1,1
51668,2,2
51669,1,1
51670,1,1
51671,1,1
51672,1,1
51673,2,1
51674,4,2
51675,2,1
51676,1,1
51677,1,1
51678,2,2
51679,1,1
51680,1,1
51681,1,1
51682,1,1
51683,2,1
51684,3,2
51685,1,1
51686,1,1
51687,1,1
51688,1,1
51689,2,2
51690,1,1
51691,1,1
51692,1,1
51693,1,1
51694,4,2
51695,1,1
51696,2,1
51697,1,1
51698,1,1
51699,1,1
51700,1,1
51701,1,1
51702,1,1
51703,2,1
51704,1,1
51705,1,1
51706,2,2
51707,1,1
51708,3,2
51709,1,1
51710,1,1
51711,2,2
51712,2,1
51713,1,1
51714,1,1
51715,1,1
51716,1,1
51717,1,1
51718,2,1
51719,1,1
51720,1,1
51721,1,1
51722,3,3
51723,1,1
51724,1,1
51725,1,1
51726,3,1
51727,1,1
51728,1,1
51729,1,1
51730,2,1
51731,1,1
51732,1,1
51733,1,1
51734,2,2
51735,1,1
51736,1,1
51737,1,1
51738,1,1
51739,2,2
51740,3,2
51741,1,1
51742,1,1
51743,1,1
51744,3,3
51745,1,1
51746,1,1
51747,2,1
51748,1,1
51749,1,1
51750,1,1
51751,1,1
51752,1,1
51753,1,1
51754,1,1
51755,1,1
51756,2,1
51757,1,1
51758,1,1
51759,3,1
51760,1,1
51761,1,1
51762,1,1
51763,1,1
51764,1,1
51765,1,1
51766,1,1
51767,1,1
51768,2,1
51769,1,1
51770,1,1
51771,2,1
51772,1,1
51773,1,1
51774,1,1
51775,1,1
51776,1,1
51777,2,2
51778,1,1
51779,1,1
51780,1,1
51781,1,1
51782,3,3
51783,1,1
51784,1,1
51785,1,1
51786,1,1
51787,1,1
51788,4,2
51789,1,1
51790,1,1
51791,1,1
51792,1,1
51793,1,1
51794,1,1
51795,3,2
51796,5,2
51797,1,1
51798,2,2
51799,4,3
51800,1,1
51801,1,1
51802,1,1
51803,1,1
51804,1,1
51805,1,1
51806,1,1
51807,2,2
51808,2,2
51809,1,1
51810,5,3
51811,2,1
51812,1,1
51813,1,1
51814,1,1
51815,2,2
51816,4,3
51817,1,1
51818,2,1
51819,1,1
51820,1,1
51821,1,1
51822,1,1
51823,1,1
51824,1,1
51825,1,1
51826,3,3
51827,1,1
51828,1,1
51829,1,1
51830,1,1
51831,1,1
51832,3,3
51833,1,1
51834,2,2
51835,1,1
51836,2,1
51837,1,1
51838,2,2
51839,3,2
51840,1,1
51841,1,1
51842,2,2
51843,1,1
51844,5,3
51845,1,1
51846,1,1
51847,1,1
51848,2,1
51849,1,1
51850,3,2
51851,1,1
51852,1,1
51853,8,3
51854,1,1
51855,1,1
51856,1,1
51857,1,1
51858,1,1
51859,3,2
51860,1,1
51861,1,1
51862,2,2
51863,1,1
51864,1,1
51865,1,1
51866,2,2
51867,2,2
51868,2,1
51869,3,3
51870,2,2
51871,1,1
51872,1,1
51873,2,2
51874,1,1
51875,2,1
51876,1,1
51877,3,2
51878,1,1
51879,2,2
51880,1,1
51881,1,1
51882,1,1
51883,2,1
51884,2,2
51885,1,1
51886,3,2
51887,1,1
51888,2,2
51889,1,1
51890,3,1
51891,1,1
51892,3,2
51893,4,3
51894,1,1
51895,2,1
51896,1,1
51897,1,1
51898,1,1
51899,1,1
51900,1,1
51901,1,1
51902,1,1
51903,1,1
51904,4,2
51905,1,1
51906,2,2
51907,1,1
51908,1,1
51909,1,1
51910,1,1
51911,1,1
51912,1,1
51913,1,1
51914,1,1
51915,1,1
51916,1,1
51917,1,1
51918,2,2
51919,2,1
51920,1,1
51921,1,1
51922,1,1
51923,1,1
51924,1,1
51925,2,1
51926,1,1
51927,1,1
51928,2,1
51929,2,2
51930,1,1
51931,1,1
51932,2,2
51933,4,2
51934,1,1
51935,1,1
51936,3,2
51937,1,1
51938,2,1
51939,1,1
51940,1,1
51941,1,1
51942,2,2
51943,1,1
51944,1,1
51945,1,1
51946,1,1
51947,1,1
51948,2,1
51949,2,1
51950,3,2
51951,1,1
51952,1,1
51953,1,1
51954,1,1
51955,1,1
51956,1,1
51957,1,1
51958,1,1
51959,1,1
51960,1,1
51961,1,1
51962,1,1
51963,1,1
51964,1,1
51965,1,1
51966,1,1
51967,1,1
51968,2,2
51969,1,1
51970,1,1
51971,1,1
51972,2,1
51973,1,1
51974,2,2
51975,2,2
51976,1,1
51977,1,1
51978,1,1
51979,1,1
51980,1,1
51981,1,1
51982,2,2
51983,2,2
51984,3,2
51985,1,1
51986,1,1
51987,2,2
51988,2,2
51989,1,1
51990,3,2
51991,1,1
51992,3,2
51993,1,1
51994,2,2
51995,1,1
51996,1,1
51997,2,2
51998,1,1
51999,1,1
52000,1,1
52001,1,1
52002,1,1
52003,3,2
52004,1,1
52005,1,1
52006,2,2
52007,1,1
52008,1,1
52009,1,1
52010,2,1
52011,1,1
52012,1,1
52013,1,1
52014,1,1
52015,1,1
52016,1,1
52017,1,1
52018,1,1
52019,3,2
52020,1,1
52021,1,1
52022,1,1
52023,1,1
52024,1,1
52025,1,1
52026,2,2
52027,1,1
52028,2,1
52029,1,1
52030,1,1
52031,1,1
52032,2,2
52033,1,1
52034,2,2
52035,1,1
52036,1,1
52037,1,1
52038,3,2
52039,3,2
52040,1,1
52041,1,1
52042,2,1
52043,3,2
52044,3,2
52045,1,1
52046,1,1
52047,1,1
52048,1,1
52049,1,1
52050,1,1
52051,3,2
52052,2,1
52053,1,1
52054,1,1
52055,1,1
52056,1,1
52057,1,1
52058,1,1
52059,1,1
52060,1,1
52061,2,2
52062,3,2
52063,1,1
52064,1,1
52065,1,1
52066,1,1
52067,3,1
52068,1,1
52069,1,1
52070,2,2
52071,2,2
52072,1,1
52073,1,1
52074,1,1
52075,2,1
52076,1,1
52077,1,1
52078,1,1
52079,1,1
52080,1,1
52081,1,1
52082,2,2
52083,1,1
52084,1,1
52085,1,1
52086,1,1
52087,4,2
52088,1,1
52089,1,1
52090,2,2
52091,3,2
52092,1,1
52093,1,1
52094,2,2
52095,1,1
52096,1,1
52097,1,1
52098,1,1
52099,1,1
52100,1,1
52101,4,2
52102,1,1
52103,1,1
52104,1,1
52105,3,2
52106,2,2
52107,2,1
52108,1,1
52109,1,1
52110,1,1
52111,1,1
52112,3,1
52113,1,1
52114,1,1
52115,1,1
52116,1,1
52117,1,1
52118,1,1
52119,1,1
52120,1,1
52121,1,1
52122,1,1
52123,1,1
52124,2,1
52125,1,1
52126,1,1
52127,1,1
52128,1,1
52129,1,1
52130,2,1
52131,1,1
52132,1,1
52133,1,1
52134,1,1
52135,1,1
52136,1,1
52137,1,1
52138,1,1
52139,1,1
52140,3,1
52141,1,1
52142,2,1
52143,1,1
52144,1,1
52145,1,1
52146,1,1
52147,1,1
52148,1,1
52149,1,1
52150,1,1
52151,1,1
52152,1,1
52153,1,1
52154,1,1
52155,1,1
52156,1,1
52157,1,1
52158,1,1
52159,1,1
52160,1,1
52161,1,1
52162,1,1
52163,1,1
52164,1,1
52165,1,1
52166,1,1
52167,1,1
52168,1,1
52169,1,1
52170,1,1
52171,1,1
52172,1,1
52173,1,1
52174,1,1
52175,3,1
52176,1,1
52177,1,1
52178,1,1
52179,1,1
52180,1,1
52181,1,1
52182,1,1
52183,1,1
52184,1,1
52185,1,1
52186,1,1
52187,1,1
52188,1,1
52189,1,1
52190,1,1
52191,1,1
52192,1,1
52193,2,1
52194,1,1
52195,1,1
52196,1,1
52197,1,1
52198,1,1
52199,1,1
52200,1,1
52201,1,1
52202,1,1
52203,2,1
52204,2,1
52205,1,1
52206,2,1
52207,2,1
52208,1,1
52209,1,1
52210,1,1
52211,1,1
52212,1,1
52213,1,1
52214,1,1
52215,1,1
52216,1,1
52217,1,1
52218,1,1
52219,1,1
52220,1,1
52221,1,1
52222,1,1
52223,1,1
52224,1,1
52225,1,1
52226,1,1
52227,1,1
52228,1,1
52229,1,1
52230,1,1
52231,1,1
52232,1,1
52233,1,1
52234,1,1
52235,1,1
52236,1,1
52237,1,1
52238,1,1
52239,1,1
52240,1,1
52241,1,1
52242,1,1
52243,1,1
52244,2,1
52245,1,1
52246,1,1
52247,1,1
52248,1,1
52249,1,1
52250,1,1
52251,1,1
52252,1,1
52253,1,1
52254,1,1
52255,1,1
52256,1,1
52257,1,1
52258,1,1
52259,1,1
52260,1,1
52261,1,1
52262,1,1
52263,1,1
52264,1,1
52265,1,1
52266,1,1
52267,1,1
52268,1,1
52269,1,1
52270,1,1
52271,1,1
52272,1,1
52273,1,1
52274,1,1
52275,1,1
52276,1,1
52277,1,1
52278,1,1
52279,3,1
52280,1,1
52281,1,1
52282,1,1
52283,1,1
52284,1,1
52285,1,1
52286,2,1
52287,1,1
52288,1,1
52289,1,1
52290,1,1
52291,1,1
52292,1,1
52293,1,1
52294,1,1
52295,2,1
52296,1,1
52297,1,1
52298,1,1
52299,1,1
52300,1,1
52301,1,1
52302,1,1
52303,1,1
52304,1,1
52305,1,1
52306,1,1
52307,1,1
52308,1,1
52309,1,1
52310,1,1
52311,1,1
52312,1,1
52313,1,1
52314,1,1
52315,1,1
52316,1,1
52317,1,1
52318,1,1
52319,1,1
52320,1,1
52321,2,1
52322,1,1
52323,1,1
52324,1,1
52325,1,1
52326,1,1
52327,1,1
52328,1,1
